            1        0.00000000000
            2       4.173541070225E-14
            3        0.00000000000
            4       3.477537304286E-14
            5      -3.016537406256E-15
            6       4.196300504379E-14
            7        0.00000000000
            8       2.931633835909E-14
            9      -4.963281396600E-15
           10       4.252258185431E-14
           11        0.00000000000
           12       2.557654392230E-14
           13      -6.507757195123E-15
           14       4.321551173900E-14
           15        0.00000000000
           16       2.173246734370E-14
           17      -7.792582879685E-15
           18       4.397055603483E-14
           19        0.00000000000
           20       1.886525326924E-14
           21      -8.885968024580E-15
           22       4.476109105625E-14
           23        0.00000000000
           24       1.572208941846E-14
           25      -9.828448806120E-15
           26       4.557506837561E-14
           27      -1.064709768285E-14
           28       4.640609243063E-14
           29        0.00000000000
           30       1.343300718811E-14
           31        0.00000000000
           32       1.078480055735E-14
           33      -1.136139021892E-14
           34       4.725033342821E-14
           35      -1.198608138684E-14
           36       4.810527458950E-14
           37        0.00000000000
           38       8.931220270203E-15
           39      -1.253278439450E-14
           40       4.896913396734E-14
           41        0.00000000000
           42       6.674139627649E-15
           43      -1.236910090319E-14
           44       4.608478432255E-14
           45      -1.212644087124E-14
           46       4.324669823399E-14
           47      -1.180977854833E-14
           48       4.048230880565E-14
           49      -1.142750802223E-14
           50       3.781529505264E-14
           51        0.00000000000
           52       5.177467088235E-15
           53      -1.099006648272E-14
           54       3.526430056430E-14
           55      -1.050851955080E-14
           56       3.284260674174E-14
           57        0.00000000000
           58       3.250248917269E-15
           59      -9.993429163524E-15
           60       3.055856635148E-14
           61      -9.454137235043E-15
           62       2.841647006311E-14
           63        0.00000000000
           64       2.061657108062E-15
           65      -8.898440108062E-15
           66       2.641754380650E-14
           67        0.00000000000
           68       4.247255519367E-16
           69      -8.332549383774E-15
           70       2.456087698970E-14
           71      -7.761223122974E-15
           72       2.284418702970E-14
           73        0.00000000000
           74      -4.882694913649E-16
           75      -7.187975035290E-15
           76       2.126439965368E-14
           77        0.00000000000
           78      -1.861819404753E-15
           79      -6.615301439285E-15
           80       1.981806370413E-14
           81        0.00000000000
           82      -2.521632543708E-15
           83      -6.044893004235E-15
           84       1.850163363484E-14
           85        0.00000000000
           86      -3.650526443125E-15
           87      -5.477816875919E-15
           88       1.731165362224E-14
           89      -4.914665720719E-15
           90       1.624487210487E-14
           91        0.00000000000
           92      -4.072793267547E-15
           93      -4.355675785103E-15
           94       1.529830899798E-14
           95        0.00000000000
           96      -4.970030715516E-15
           97      -3.800818361486E-15
           98       1.446929180095E-14
           99        0.00000000000
          100      -5.165461535050E-15
          101      -3.249869570973E-15
          102       1.375547198219E-14
          103        0.00000000000
          104      -5.839729137185E-15
          105      -2.702463046599E-15
          106       1.315482942505E-14
          107        0.00000000000
          108      -5.815189276796E-15
          109      -2.158129449838E-15
          110       1.266567015089E-14
          111        0.00000000000
          112      -6.271683070691E-15
          113      -1.616326046621E-15
          114       1.228662075966E-14
          115        0.00000000000
          116      -6.030809728132E-15
          117      -1.076458929769E-15
          118       1.201662182257E-14
          119      -5.378999483828E-16
          120       1.185492165447E-14
          121        0.00000000000
          122      -6.271683070691E-15
          123      -1.479114197289E-30
          124       1.180107135595E-14
          125        0.00000000000
          126      -5.815189276796E-15
          127       5.378999483828E-16
          128       1.185492165447E-14
          129        0.00000000000
          130      -5.839729137185E-15
          131       1.076458929769E-15
          132       1.201662182257E-14
          133        0.00000000000
          134      -5.165461535050E-15
          135       1.616326046621E-15
          136       1.228662075966E-14
          137        0.00000000000
          138      -4.970030715516E-15
          139       2.158129449838E-15
          140       1.266567015089E-14
          141        0.00000000000
          142      -4.072793267547E-15
          143       2.702463046599E-15
          144       1.315482942505E-14
          145        0.00000000000
          146      -3.650526443125E-15
          147       3.249869570973E-15
          148       1.375547198219E-14
          149        0.00000000000
          150      -2.521632543708E-15
          151       3.800818361486E-15
          152       1.446929180095E-14
          153        0.00000000000
          154      -1.861819404753E-15
          155       4.355675785103E-15
          156       1.529830899798E-14
          157        0.00000000000
          158      -4.882694913649E-16
          159       4.914665720719E-15
          160       1.624487210487E-14
          161        0.00000000000
          162       4.247255519367E-16
          163       5.477816875919E-15
          164       1.731165362224E-14
          165        0.00000000000
          166       2.061657108062E-15
          167       6.044893004235E-15
          168       1.850163363484E-14
          169        0.00000000000
          170       3.250248917269E-15
          171       6.615301439285E-15
          172       1.981806370413E-14
          173        0.00000000000
          174       5.177467088235E-15
          175       7.187975035290E-15
          176       2.126439965368E-14
          177        0.00000000000
          178       6.674139627649E-15
          179       7.761223122974E-15
          180       2.284418702970E-14
          181        0.00000000000
          182       8.931220270203E-15
          183       8.332549383774E-15
          184       2.456087698970E-14
          185        0.00000000000
          186       1.078480055735E-14
          187       8.898440108062E-15
          188       2.641754380650E-14
          189        0.00000000000
          190       1.343300718811E-14
          191       9.454137235043E-15
          192       2.841647006311E-14
          193        0.00000000000
          194       1.572208941846E-14
          195       9.993429163524E-15
          196       3.055856635148E-14
          197        0.00000000000
          198       1.886525326924E-14
          199       1.050851955080E-14
          200       3.284260674174E-14
          201        0.00000000000
          202       2.173246734370E-14
          203       1.099006648272E-14
          204       3.526430056430E-14
          205        0.00000000000
          206       2.557654392230E-14
          207       1.142750802223E-14
          208       3.781529505264E-14
          209        0.00000000000
          210       2.931633835909E-14
          211       1.180977854833E-14
          212       4.048230880565E-14
          213        0.00000000000
          214       3.477537304286E-14
          215       1.212644087124E-14
          216       4.324669823399E-14
          217        0.00000000000
          218       4.173541070225E-14
          219       3.016537406256E-15
          220       4.196300504379E-14
          221       1.236910090319E-14
          222       4.608478432255E-14
          223       4.963281396600E-15
          224       4.252258185431E-14
          225       6.507757195123E-15
          226       4.321551173900E-14
          227       7.792582879685E-15
          228       4.397055603483E-14
          229       8.885968024580E-15
          230       4.476109105625E-14
          231       9.828448806120E-15
          232       4.557506837561E-14
          233       1.064709768285E-14
          234       4.640609243063E-14
          235       1.136139021892E-14
          236       4.725033342821E-14
          237       1.198608138684E-14
          238       4.810527458950E-14
          239       1.253278439450E-14
          240       4.896913396734E-14
