            1        0.00000000000              0.00000000000
            2       3.541499953790E-13        -2.482837337344E-13
            3        0.00000000000              0.00000000000
            4       1.607015709055E-12        -5.456639947327E-13
            5        0.00000000000              0.00000000000
            6       1.066444815823E-12        -9.458229975069E-13
            7        0.00000000000              0.00000000000
            8       1.291671592836E-12        -8.589860608428E-13
            9        0.00000000000              0.00000000000
           10       1.720098883536E-12        -1.536543560103E-12
           11        0.00000000000              0.00000000000
           12       1.863496162213E-12        -2.019909085254E-12
           13        0.00000000000              0.00000000000
           14        0.00000000000              0.00000000000
           15       2.249636668030E-12        -2.416795282201E-12
           16       2.552846624316E-12        -2.996279916935E-12
           17        0.00000000000              0.00000000000
           18        0.00000000000              0.00000000000
           19       2.764861420581E-12        -3.537999346113E-12
           20        0.00000000000              0.00000000000
           21       3.023901643420E-12        -4.146572187541E-12
           22      -3.512893848527E-13        -2.401764771305E-13
           23      -1.592593136109E-12        -5.299184660563E-13
           24      -1.062281245483E-12        -9.272028654426E-13
           25      -1.288053857577E-12        -8.431194635622E-13
           26       3.241591905140E-12        -4.836426364327E-12
           27      -1.714485793527E-12        -1.516602336251E-12
           28      -1.859001893577E-12        -1.998320769356E-12
           29       3.452642240311E-12        -5.547943071800E-12
           30      -2.242707295158E-12        -2.396487569171E-12
           31      -2.544408493731E-12        -2.974683206821E-12
           32       3.666668884680E-12        -6.306429429517E-12
           33      -2.755612976031E-12        -3.517446507054E-12
           34       3.863459818735E-12        -7.106578666188E-12
           35      -3.013130293870E-12        -4.125663928503E-12
           36      -3.229572145599E-12        -4.815900160622E-12
           37       4.048685585774E-12        -7.935140835170E-12
           38      -3.439301937191E-12        -5.526899443001E-12
           39       4.227471009804E-12        -8.803381325866E-12
           40      -3.651799169918E-12        -6.285937389335E-12
           41       4.391199142766E-12        -9.703101041296E-12
           42      -3.847143263119E-12        -7.085457004445E-12
           43       4.548873952351E-12        -1.063439544507E-11
           44      -4.030881019323E-12        -7.914624790522E-12
           45      -4.208165018913E-12        -8.782247733452E-12
           46       4.695294375167E-12        -1.159436505490E-11
           47      -4.370399645382E-12        -9.682546372429E-12
           48       4.834486502946E-12        -1.258257709416E-11
           49      -4.526558843027E-12        -1.061322286020E-11
           50       4.963265746551E-12        -1.359460239202E-11
           51      -4.671452689082E-12        -1.157376662221E-11
           52       5.085529538717E-12        -1.463197904145E-11
           53      -4.809104960865E-12        -1.256135444860E-11
           54       5.197581957050E-12        -1.568985813519E-11
           55      -4.936344779844E-12        -1.357394031696E-11
           56       5.303742471363E-12        -1.676968032340E-11
           57      -5.057057775155E-12        -1.461070316542E-11
           58       5.400483491125E-12        -1.786704501131E-11
           59      -5.167534192720E-12        -1.566915115503E-11
           60      -5.272120199661E-12        -1.674834042330E-11
           61       5.491694722428E-12        -1.898328798564E-11
           62      -5.367275228724E-12        -1.784627447367E-11
           63       5.574238484125E-12        -2.011409957910E-11
           64      -5.456880489913E-12        -1.896189785660E-11
           65       5.651678238741E-12        -2.126100020846E-11
           66      -5.537817573186E-12        -2.009328168745E-11
           67       5.721133939610E-12        -2.241982220208E-11
           68      -5.613634551712E-12        -2.123958814574E-11
           69       5.785909300794E-12        -2.359216606755E-11
           70      -5.681452713882E-12        -2.239895007913E-11
           71       5.843437164567E-12        -2.477390570509E-11
           72      -5.744617867758E-12        -2.357066549910E-11
           73       5.896755723570E-12        -2.596685851643E-11
           74      -5.800455164125E-12        -2.475297765772E-11
           75       5.943437346725E-12        -2.716699701433E-11
           76      -5.852096330332E-12        -2.594528117363E-11
           77       5.986391647129E-12        -2.837618029130E-11
           78      -5.897121521109E-12        -2.714601500419E-11
           79       6.023413750903E-12        -2.959061468180E-11
           80      -5.938368409905E-12        -2.835458761700E-11
           81       6.057127716348E-12        -3.081215843859E-11
           82      -5.973703954169E-12        -2.956955342540E-11
           83       6.085648449769E-12        -3.203717773440E-11
           84      -6.005684443112E-12        -3.079046468351E-11
           85       6.111228240783E-12        -3.326763242858E-11
           86      -6.032523957611E-12        -3.201606660972E-11
           87       6.132420130308E-12        -3.450000672222E-11
           88      -6.056344733821E-12        -3.324597762006E-11
           89       6.151058326239E-12        -3.573641260356E-11
           90      -6.075816772692E-12        -3.447884272068E-11
           91       6.166033538221E-12        -3.697342570646E-11
           92      -6.092864384150E-12        -3.571470331685E-11
           93       6.178853949124E-12        -3.821340950017E-11
           94      -6.105907781790E-12        -3.695223312261E-11
           95       6.188712891810E-12        -3.945247509710E-11
           96      -6.117094955100E-12        -3.819119555447E-11
           97       6.197389787542E-12        -4.069359607687E-11
           98      -6.125172688799E-12        -3.943138471314E-11
           99       6.202819585712E-12        -4.193342799581E-11
          100      -6.130937059552E-12        -4.067193440560E-11
          101       6.207281014453E-12        -4.317315307131E-11
          102      -6.135982129128E-12        -4.191228667767E-11
          103       6.211268177924E-12        -4.441302179647E-11
          104      -6.139207614763E-12        -4.315462934323E-11
          105       6.211459352543E-12        -4.565382741823E-11
          106      -6.139939386991E-12        -4.439210734157E-11
          107       6.217015103224E-12        -4.688862223241E-11
          108      -6.145361638111E-12        -4.562951930849E-11
          109       6.224777175373E-12        -4.813203899690E-11
          110       4.980211507417E-12        -4.812344318783E-11
          111      -6.139534780870E-12        -4.687078781375E-11
          112       3.744887258730E-12        -4.811539014266E-11
          113       2.508122970765E-12        -4.811392468924E-11
          114       1.271797944598E-12        -4.810898777205E-11
          115       3.855592866639E-14        -4.810767234203E-11
          116      -1.198184337695E-12        -4.810692834806E-11
          117      -2.431135490093E-12        -4.810541744383E-11
          118      -3.665029503730E-12        -4.811080934940E-11
          119      -4.905371388636E-12        -4.810511350742E-11
          120      -6.130973108520E-12        -4.809723791549E-11
