           1        0.000000E+00        0.100000E+01        0.000000E+00        0.000000E+00
           2        0.100000E+00        0.100000E+01        0.354150E-12       -0.248284E-12
           3        0.000000E+00        0.900000E+00        0.000000E+00        0.000000E+00
           4        0.200000E+00        0.100000E+01        0.160702E-11       -0.545664E-12
           5        0.000000E+00        0.800000E+00        0.000000E+00        0.000000E+00
           6        0.300000E+00        0.100000E+01        0.106644E-11       -0.945823E-12
           7        0.000000E+00        0.700000E+00        0.000000E+00        0.000000E+00
           8        0.400000E+00        0.100000E+01        0.129167E-11       -0.858986E-12
           9        0.000000E+00        0.600000E+00        0.000000E+00        0.000000E+00
          10        0.500000E+00        0.100000E+01        0.172010E-11       -0.153654E-11
          11        0.000000E+00        0.500000E+00        0.000000E+00        0.000000E+00
          12        0.600000E+00        0.100000E+01        0.186350E-11       -0.201991E-11
          13        0.000000E+00        0.400000E+00        0.000000E+00        0.000000E+00
          14        0.000000E+00        0.300000E+00        0.000000E+00        0.000000E+00
          15        0.700000E+00        0.100000E+01        0.224964E-11       -0.241680E-11
          16        0.800000E+00        0.100000E+01        0.255285E-11       -0.299628E-11
          17        0.000000E+00        0.200000E+00        0.000000E+00        0.000000E+00
          18        0.000000E+00        0.100000E+00        0.000000E+00        0.000000E+00
          19        0.900000E+00        0.100000E+01        0.276486E-11       -0.353800E-11
          20        0.000000E+00        0.000000E+00        0.000000E+00        0.000000E+00
          21        0.100000E+01        0.100000E+01        0.302390E-11       -0.414657E-11
          22        0.100000E+00        0.000000E+00       -0.351289E-12       -0.240176E-12
          23        0.200000E+00        0.000000E+00       -0.159259E-11       -0.529918E-12
          24        0.300000E+00        0.000000E+00       -0.106228E-11       -0.927203E-12
          25        0.400000E+00        0.000000E+00       -0.128805E-11       -0.843119E-12
          26        0.110000E+01        0.100000E+01        0.324159E-11       -0.483643E-11
          27        0.500000E+00        0.000000E+00       -0.171449E-11       -0.151660E-11
          28        0.600000E+00        0.000000E+00       -0.185900E-11       -0.199832E-11
          29        0.120000E+01        0.100000E+01        0.345264E-11       -0.554794E-11
          30        0.700000E+00        0.000000E+00       -0.224271E-11       -0.239649E-11
          31        0.800000E+00        0.000000E+00       -0.254441E-11       -0.297468E-11
          32        0.130000E+01        0.100000E+01        0.366667E-11       -0.630643E-11
          33        0.900000E+00        0.000000E+00       -0.275561E-11       -0.351745E-11
          34        0.140000E+01        0.100000E+01        0.386346E-11       -0.710658E-11
          35        0.100000E+01        0.000000E+00       -0.301313E-11       -0.412566E-11
          36        0.110000E+01        0.000000E+00       -0.322957E-11       -0.481590E-11
          37        0.150000E+01        0.100000E+01        0.404869E-11       -0.793514E-11
          38        0.120000E+01        0.000000E+00       -0.343930E-11       -0.552690E-11
          39        0.160000E+01        0.100000E+01        0.422747E-11       -0.880338E-11
          40        0.130000E+01        0.000000E+00       -0.365180E-11       -0.628594E-11
          41        0.170000E+01        0.100000E+01        0.439120E-11       -0.970310E-11
          42        0.140000E+01        0.000000E+00       -0.384714E-11       -0.708546E-11
          43        0.180000E+01        0.100000E+01        0.454887E-11       -0.106344E-10
          44        0.150000E+01        0.000000E+00       -0.403088E-11       -0.791462E-11
          45        0.160000E+01        0.000000E+00       -0.420817E-11       -0.878225E-11
          46        0.190000E+01        0.100000E+01        0.469529E-11       -0.115944E-10
          47        0.170000E+01        0.000000E+00       -0.437040E-11       -0.968255E-11
          48        0.200000E+01        0.100000E+01        0.483449E-11       -0.125826E-10
          49        0.180000E+01        0.000000E+00       -0.452656E-11       -0.106132E-10
          50        0.210000E+01        0.100000E+01        0.496327E-11       -0.135946E-10
          51        0.190000E+01        0.000000E+00       -0.467145E-11       -0.115738E-10
          52        0.220000E+01        0.100000E+01        0.508553E-11       -0.146320E-10
          53        0.200000E+01        0.000000E+00       -0.480910E-11       -0.125614E-10
          54        0.230000E+01        0.100000E+01        0.519758E-11       -0.156899E-10
          55        0.210000E+01        0.000000E+00       -0.493634E-11       -0.135739E-10
          56        0.240000E+01        0.100000E+01        0.530374E-11       -0.167697E-10
          57        0.220000E+01        0.000000E+00       -0.505706E-11       -0.146107E-10
          58        0.250000E+01        0.100000E+01        0.540048E-11       -0.178670E-10
          59        0.230000E+01        0.000000E+00       -0.516753E-11       -0.156692E-10
          60        0.240000E+01        0.000000E+00       -0.527212E-11       -0.167483E-10
          61        0.260000E+01        0.100000E+01        0.549169E-11       -0.189833E-10
          62        0.250000E+01        0.000000E+00       -0.536728E-11       -0.178463E-10
          63        0.270000E+01        0.100000E+01        0.557424E-11       -0.201141E-10
          64        0.260000E+01        0.000000E+00       -0.545688E-11       -0.189619E-10
          65        0.280000E+01        0.100000E+01        0.565168E-11       -0.212610E-10
          66        0.270000E+01        0.000000E+00       -0.553782E-11       -0.200933E-10
          67        0.290000E+01        0.100000E+01        0.572113E-11       -0.224198E-10
          68        0.280000E+01        0.000000E+00       -0.561363E-11       -0.212396E-10
          69        0.300000E+01        0.100000E+01        0.578591E-11       -0.235922E-10
          70        0.290000E+01        0.000000E+00       -0.568145E-11       -0.223990E-10
          71        0.310000E+01        0.100000E+01        0.584344E-11       -0.247739E-10
          72        0.300000E+01        0.000000E+00       -0.574462E-11       -0.235707E-10
          73        0.320000E+01        0.100000E+01        0.589676E-11       -0.259669E-10
          74        0.310000E+01        0.000000E+00       -0.580046E-11       -0.247530E-10
          75        0.330000E+01        0.100000E+01        0.594344E-11       -0.271670E-10
          76        0.320000E+01        0.000000E+00       -0.585210E-11       -0.259453E-10
          77        0.340000E+01        0.100000E+01        0.598639E-11       -0.283762E-10
          78        0.330000E+01        0.000000E+00       -0.589712E-11       -0.271460E-10
          79        0.350000E+01        0.100000E+01        0.602341E-11       -0.295906E-10
          80        0.340000E+01        0.000000E+00       -0.593837E-11       -0.283546E-10
          81        0.360000E+01        0.100000E+01        0.605713E-11       -0.308122E-10
          82        0.350000E+01        0.000000E+00       -0.597370E-11       -0.295696E-10
          83        0.370000E+01        0.100000E+01        0.608565E-11       -0.320372E-10
          84        0.360000E+01        0.000000E+00       -0.600568E-11       -0.307905E-10
          85        0.380000E+01        0.100000E+01        0.611123E-11       -0.332676E-10
          86        0.370000E+01        0.000000E+00       -0.603252E-11       -0.320161E-10
          87        0.390000E+01        0.100000E+01        0.613242E-11       -0.345000E-10
          88        0.380000E+01        0.000000E+00       -0.605634E-11       -0.332460E-10
          89        0.400000E+01        0.100000E+01        0.615106E-11       -0.357364E-10
          90        0.390000E+01        0.000000E+00       -0.607582E-11       -0.344788E-10
          91        0.410000E+01        0.100000E+01        0.616603E-11       -0.369734E-10
          92        0.400000E+01        0.000000E+00       -0.609286E-11       -0.357147E-10
          93        0.420000E+01        0.100000E+01        0.617885E-11       -0.382134E-10
          94        0.410000E+01        0.000000E+00       -0.610591E-11       -0.369522E-10
          95        0.430000E+01        0.100000E+01        0.618871E-11       -0.394525E-10
          96        0.420000E+01        0.000000E+00       -0.611709E-11       -0.381912E-10
          97        0.440000E+01        0.100000E+01        0.619739E-11       -0.406936E-10
          98        0.430000E+01        0.000000E+00       -0.612517E-11       -0.394314E-10
          99        0.450000E+01        0.100000E+01        0.620282E-11       -0.419334E-10
         100        0.440000E+01        0.000000E+00       -0.613094E-11       -0.406719E-10
         101        0.460000E+01        0.100000E+01        0.620728E-11       -0.431732E-10
         102        0.450000E+01        0.000000E+00       -0.613598E-11       -0.419123E-10
         103        0.470000E+01        0.100000E+01        0.621127E-11       -0.444130E-10
         104        0.460000E+01        0.000000E+00       -0.613921E-11       -0.431546E-10
         105        0.480000E+01        0.100000E+01        0.621146E-11       -0.456538E-10
         106        0.470000E+01        0.000000E+00       -0.613994E-11       -0.443921E-10
         107        0.490000E+01        0.100000E+01        0.621702E-11       -0.468886E-10
         108        0.480000E+01        0.000000E+00       -0.614536E-11       -0.456295E-10
         109        0.500000E+01        0.100000E+01        0.622478E-11       -0.481320E-10
         110        0.500000E+01        0.900000E+00        0.498021E-11       -0.481234E-10
         111        0.490000E+01        0.000000E+00       -0.613953E-11       -0.468708E-10
         112        0.500000E+01        0.800000E+00        0.374489E-11       -0.481154E-10
         113        0.500000E+01        0.700000E+00        0.250812E-11       -0.481139E-10
         114        0.500000E+01        0.600000E+00        0.127180E-11       -0.481090E-10
         115        0.500000E+01        0.500000E+00        0.385559E-13       -0.481077E-10
         116        0.500000E+01        0.400000E+00       -0.119818E-11       -0.481069E-10
         117        0.500000E+01        0.300000E+00       -0.243114E-11       -0.481054E-10
         118        0.500000E+01        0.200000E+00       -0.366503E-11       -0.481108E-10
         119        0.500000E+01        0.100000E+00       -0.490537E-11       -0.481051E-10
         120        0.500000E+01        0.000000E+00       -0.613097E-11       -0.480972E-10
         121        0.806452E+00        0.322581E-01       -0.497118E-10        0.697286E-11
         122        0.806452E+00        0.322581E-01       -0.497118E-10        0.697286E-11
         123        0.806452E+00        0.322581E-01       -0.497118E-10        0.697286E-11
         124        0.806452E+00        0.322581E-01       -0.497118E-10        0.697286E-11
         125        0.806452E+00        0.322581E-01       -0.497118E-10        0.697286E-11
         126        0.806452E+00        0.322581E-01       -0.497118E-10        0.697286E-11
         127        0.806452E+00        0.322581E-01       -0.497118E-10        0.697286E-11
         128        0.806452E+00        0.322581E-01       -0.497118E-10        0.697286E-11
         129        0.806452E+00        0.322581E-01       -0.497118E-10        0.697286E-11
         130        0.806452E+00        0.322581E-01       -0.497118E-10        0.697286E-11
         131        0.806452E+00        0.322581E-01       -0.497118E-10        0.697286E-11
         132        0.806452E+00        0.322581E-01       -0.497118E-10        0.697286E-11
         133        0.806452E+00        0.322581E-01       -0.497118E-10        0.697286E-11
         134        0.806452E+00        0.322581E-01       -0.497118E-10        0.697286E-11
         135        0.806452E+00        0.322581E-01       -0.497118E-10        0.697286E-11
         136        0.806452E+00        0.322581E-01       -0.497118E-10        0.697286E-11
         137        0.806452E+00        0.322581E-01       -0.497118E-10        0.697286E-11
         138        0.806452E+00        0.322581E-01       -0.497118E-10        0.697286E-11
         139        0.806452E+00        0.322581E-01       -0.497118E-10        0.697286E-11
         140        0.806452E+00        0.322581E-01       -0.497118E-10        0.697286E-11
         141        0.806452E+00        0.322581E-01       -0.497118E-10        0.697286E-11
         142        0.806452E+00        0.322581E-01       -0.497118E-10        0.697286E-11
         143        0.806452E+00        0.322581E-01       -0.497118E-10        0.697286E-11
         144        0.806452E+00        0.322581E-01       -0.497118E-10        0.697286E-11
         145        0.806452E+00        0.322581E-01       -0.497118E-10        0.697286E-11
         146        0.806452E+00        0.322581E-01       -0.497118E-10        0.697286E-11
         147        0.806452E+00        0.322581E-01       -0.497118E-10        0.697286E-11
         148        0.806452E+00        0.322581E-01       -0.497118E-10        0.697286E-11
         149        0.806452E+00        0.322581E-01       -0.497118E-10        0.697286E-11
         150        0.806452E+00        0.322581E-01       -0.497118E-10        0.697286E-11
         151        0.806452E+00        0.322581E-01       -0.497118E-10        0.697286E-11
         152        0.806452E+00        0.322581E-01       -0.497118E-10        0.697286E-11
         153        0.806452E+00        0.322581E-01       -0.497118E-10        0.697286E-11
         154        0.806452E+00        0.322581E-01       -0.497118E-10        0.697286E-11
         155        0.806452E+00        0.322581E-01       -0.497118E-10        0.697286E-11
         156        0.806452E+00        0.322581E-01       -0.497118E-10        0.697286E-11
         157        0.806452E+00        0.322581E-01       -0.497118E-10        0.697286E-11
         158        0.806452E+00        0.322581E-01       -0.497118E-10        0.697286E-11
         159        0.806452E+00        0.322581E-01       -0.497118E-10        0.697286E-11
         160        0.806452E+00        0.322581E-01       -0.497118E-10        0.697286E-11
         161        0.806452E+00        0.322581E-01       -0.497118E-10        0.697286E-11
         162        0.806452E+00        0.322581E-01       -0.497118E-10        0.697286E-11
         163        0.806452E+00        0.322581E-01       -0.497118E-10        0.697286E-11
         164        0.806452E+00        0.322581E-01       -0.497118E-10        0.697286E-11
         165        0.806452E+00        0.322581E-01       -0.497118E-10        0.697286E-11
         166        0.806452E+00        0.322581E-01       -0.497118E-10        0.697286E-11
         167        0.806452E+00        0.322581E-01       -0.497118E-10        0.697286E-11
         168        0.806452E+00        0.322581E-01       -0.497118E-10        0.697286E-11
         169        0.806452E+00        0.322581E-01       -0.497118E-10        0.697286E-11
         170        0.806452E+00        0.322581E-01       -0.497118E-10        0.697286E-11
         171        0.806452E+00        0.322581E-01       -0.497118E-10        0.697286E-11
         172        0.806452E+00        0.322581E-01       -0.497118E-10        0.697286E-11
         173        0.806452E+00        0.322581E-01       -0.497118E-10        0.697286E-11
         174        0.806452E+00        0.322581E-01       -0.497118E-10        0.697286E-11
         175        0.806452E+00        0.322581E-01       -0.497118E-10        0.697286E-11
         176        0.806452E+00        0.322581E-01       -0.497118E-10        0.697286E-11
         177        0.806452E+00        0.322581E-01       -0.497118E-10        0.697286E-11
         178        0.806452E+00        0.322581E-01       -0.497118E-10        0.697286E-11
         179        0.806452E+00        0.322581E-01       -0.497118E-10        0.697286E-11
         180        0.806452E+00        0.322581E-01       -0.497118E-10        0.697286E-11
         181        0.806452E+00        0.322581E-01       -0.497118E-10        0.697286E-11
         182        0.806452E+00        0.322581E-01       -0.497118E-10        0.697286E-11
         183        0.806452E+00        0.322581E-01       -0.497118E-10        0.697286E-11
         184        0.806452E+00        0.322581E-01       -0.497118E-10        0.697286E-11
         185        0.806452E+00        0.322581E-01       -0.497118E-10        0.697286E-11
         186        0.806452E+00        0.322581E-01       -0.497118E-10        0.697286E-11
         187        0.806452E+00        0.322581E-01       -0.497118E-10        0.697286E-11
         188        0.806452E+00        0.322581E-01       -0.497118E-10        0.697286E-11
         189        0.806452E+00        0.322581E-01       -0.497118E-10        0.697286E-11
         190        0.806452E+00        0.322581E-01       -0.497118E-10        0.697286E-11
         191        0.806452E+00        0.322581E-01       -0.497118E-10        0.697286E-11
         192        0.806452E+00        0.322581E-01       -0.497118E-10        0.697286E-11
         193        0.806452E+00        0.322581E-01       -0.497118E-10        0.697286E-11
         194        0.806452E+00        0.322581E-01       -0.497118E-10        0.697286E-11
         195        0.806452E+00        0.322581E-01       -0.497118E-10        0.697286E-11
         196        0.806452E+00        0.322581E-01       -0.497118E-10        0.697286E-11
         197        0.806452E+00        0.322581E-01       -0.497118E-10        0.697286E-11
         198        0.806452E+00        0.322581E-01       -0.497118E-10        0.697286E-11
         199        0.806452E+00        0.322581E-01       -0.497118E-10        0.697286E-11
         200        0.806452E+00        0.322581E-01       -0.497118E-10        0.697286E-11
         201        0.806452E+00        0.322581E-01       -0.497118E-10        0.697286E-11
         202        0.806452E+00        0.322581E-01       -0.497118E-10        0.697286E-11
         203        0.806452E+00        0.322581E-01       -0.497118E-10        0.697286E-11
         204        0.806452E+00        0.322581E-01       -0.497118E-10        0.697286E-11
         205        0.806452E+00        0.322581E-01       -0.497118E-10        0.697286E-11
         206        0.806452E+00        0.322581E-01       -0.497118E-10        0.697286E-11
         207        0.806452E+00        0.322581E-01       -0.497118E-10        0.697286E-11
         208        0.806452E+00        0.322581E-01       -0.497118E-10        0.697286E-11
         209        0.806452E+00        0.322581E-01       -0.497118E-10        0.697286E-11
         210        0.806452E+00        0.322581E-01       -0.497118E-10        0.697286E-11
         211        0.806452E+00        0.322581E-01       -0.497118E-10        0.697286E-11
         212        0.806452E+00        0.322581E-01       -0.497118E-10        0.697286E-11
         213        0.806452E+00        0.322581E-01       -0.497118E-10        0.697286E-11
         214        0.806452E+00        0.322581E-01       -0.497118E-10        0.697286E-11
         215        0.806452E+00        0.322581E-01       -0.497118E-10        0.697286E-11
         216        0.806452E+00        0.322581E-01       -0.497118E-10        0.697286E-11
         217        0.806452E+00        0.322581E-01       -0.497118E-10        0.697286E-11
         218        0.806452E+00        0.322581E-01       -0.497118E-10        0.697286E-11
         219        0.806452E+00        0.322581E-01       -0.497118E-10        0.697286E-11
         220        0.806452E+00        0.322581E-01       -0.497118E-10        0.697286E-11
         221        0.806452E+00        0.322581E-01       -0.497118E-10        0.697286E-11
         222        0.806452E+00        0.322581E-01       -0.497118E-10        0.697286E-11
         223        0.806452E+00        0.322581E-01       -0.497118E-10        0.697286E-11
         224        0.806452E+00        0.322581E-01       -0.497118E-10        0.697286E-11
         225        0.806452E+00        0.322581E-01       -0.497118E-10        0.697286E-11
         226        0.806452E+00        0.322581E-01       -0.497118E-10        0.697286E-11
         227        0.806452E+00        0.322581E-01       -0.497118E-10        0.697286E-11
         228        0.806452E+00        0.322581E-01       -0.497118E-10        0.697286E-11
         229        0.806452E+00        0.322581E-01       -0.497118E-10        0.697286E-11
         230        0.806452E+00        0.322581E-01       -0.497118E-10        0.697286E-11
         231        0.806452E+00        0.322581E-01       -0.497118E-10        0.697286E-11
         232        0.806452E+00        0.322581E-01       -0.497118E-10        0.697286E-11
         233        0.806452E+00        0.322581E-01       -0.497118E-10        0.697286E-11
         234        0.806452E+00        0.322581E-01       -0.497118E-10        0.697286E-11
         235        0.806452E+00        0.322581E-01       -0.497118E-10        0.697286E-11
         236        0.806452E+00        0.322581E-01       -0.497118E-10        0.697286E-11
         237        0.806452E+00        0.322581E-01       -0.497118E-10        0.697286E-11
         238        0.806452E+00        0.322581E-01       -0.497118E-10        0.697286E-11
         239        0.806452E+00        0.322581E-01       -0.497118E-10        0.697286E-11
         240        0.806452E+00        0.322581E-01       -0.497118E-10        0.697286E-11
         241        0.806452E+00        0.322581E-01       -0.497118E-10        0.697286E-11
         242        0.806452E+00        0.322581E-01       -0.497118E-10        0.697286E-11
         243        0.806452E+00        0.322581E-01       -0.497118E-10        0.697286E-11
         244        0.806452E+00        0.322581E-01       -0.497118E-10        0.697286E-11
         245        0.806452E+00        0.322581E-01       -0.497118E-10        0.697286E-11
         246        0.806452E+00        0.322581E-01       -0.497118E-10        0.697286E-11
         247        0.806452E+00        0.322581E-01       -0.497118E-10        0.697286E-11
         248        0.806452E+00        0.322581E-01       -0.497118E-10        0.697286E-11
         249        0.806452E+00        0.322581E-01       -0.497118E-10        0.697286E-11
         250        0.806452E+00        0.322581E-01       -0.497118E-10        0.697286E-11
         251        0.806452E+00        0.322581E-01       -0.497118E-10        0.697286E-11
         252        0.806452E+00        0.322581E-01       -0.497118E-10        0.697286E-11
         253        0.806452E+00        0.322581E-01       -0.497118E-10        0.697286E-11
         254        0.806452E+00        0.322581E-01       -0.497118E-10        0.697286E-11
         255        0.806452E+00        0.322581E-01       -0.497118E-10        0.697286E-11
         256        0.806452E+00        0.322581E-01       -0.497118E-10        0.697286E-11
         257        0.806452E+00        0.322581E-01       -0.497118E-10        0.697286E-11
         258        0.806452E+00        0.322581E-01       -0.497118E-10        0.697286E-11
         259        0.806452E+00        0.322581E-01       -0.497118E-10        0.697286E-11
         260        0.806452E+00        0.322581E-01       -0.497118E-10        0.697286E-11
         261        0.806452E+00        0.322581E-01       -0.497118E-10        0.697286E-11
         262        0.806452E+00        0.322581E-01       -0.497118E-10        0.697286E-11
         263        0.806452E+00        0.322581E-01       -0.497118E-10        0.697286E-11
         264        0.806452E+00        0.322581E-01       -0.497118E-10        0.697286E-11
         265        0.806452E+00        0.322581E-01       -0.497118E-10        0.697286E-11
         266        0.806452E+00        0.322581E-01       -0.497118E-10        0.697286E-11
         267        0.806452E+00        0.322581E-01       -0.497118E-10        0.697286E-11
         268        0.806452E+00        0.322581E-01       -0.497118E-10        0.697286E-11
         269        0.806452E+00        0.322581E-01       -0.497118E-10        0.697286E-11
         270        0.806452E+00        0.322581E-01       -0.497118E-10        0.697286E-11
         271        0.806452E+00        0.322581E-01       -0.497118E-10        0.697286E-11
         272        0.806452E+00        0.322581E-01       -0.497118E-10        0.697286E-11
         273        0.806452E+00        0.322581E-01       -0.497118E-10        0.697286E-11
         274        0.806452E+00        0.322581E-01       -0.497118E-10        0.697286E-11
         275        0.806452E+00        0.322581E-01       -0.497118E-10        0.697286E-11
         276        0.806452E+00        0.322581E-01       -0.497118E-10        0.697286E-11
         277        0.806452E+00        0.322581E-01       -0.497118E-10        0.697286E-11
         278        0.806452E+00        0.322581E-01       -0.497118E-10        0.697286E-11
         279        0.806452E+00        0.322581E-01       -0.497118E-10        0.697286E-11
         280        0.806452E+00        0.322581E-01       -0.497118E-10        0.697286E-11
         281        0.806452E+00        0.322581E-01       -0.497118E-10        0.697286E-11
         282        0.806452E+00        0.322581E-01       -0.497118E-10        0.697286E-11
         283        0.806452E+00        0.322581E-01       -0.497118E-10        0.697286E-11
         284        0.806452E+00        0.322581E-01       -0.497118E-10        0.697286E-11
         285        0.806452E+00        0.322581E-01       -0.497118E-10        0.697286E-11
         286        0.806452E+00        0.322581E-01       -0.497118E-10        0.697286E-11
         287        0.806452E+00        0.322581E-01       -0.497118E-10        0.697286E-11
         288        0.806452E+00        0.322581E-01       -0.497118E-10        0.697286E-11
         289        0.806452E+00        0.322581E-01       -0.497118E-10        0.697286E-11
         290        0.806452E+00        0.322581E-01       -0.497118E-10        0.697286E-11
         291        0.806452E+00        0.322581E-01       -0.497118E-10        0.697286E-11
         292        0.806452E+00        0.322581E-01       -0.497118E-10        0.697286E-11
         293        0.806452E+00        0.322581E-01       -0.497118E-10        0.697286E-11
         294        0.806452E+00        0.322581E-01       -0.497118E-10        0.697286E-11
         295        0.806452E+00        0.322581E-01       -0.497118E-10        0.697286E-11
         296        0.806452E+00        0.322581E-01       -0.497118E-10        0.697286E-11
         297        0.806452E+00        0.322581E-01       -0.497118E-10        0.697286E-11
         298        0.806452E+00        0.322581E-01       -0.497118E-10        0.697286E-11
         299        0.806452E+00        0.322581E-01       -0.497118E-10        0.697286E-11
         300        0.806452E+00        0.322581E-01       -0.497118E-10        0.697286E-11
         301        0.806452E+00        0.322581E-01       -0.497118E-10        0.697286E-11
         302        0.806452E+00        0.322581E-01       -0.497118E-10        0.697286E-11
         303        0.806452E+00        0.322581E-01       -0.497118E-10        0.697286E-11
         304        0.806452E+00        0.322581E-01       -0.497118E-10        0.697286E-11
         305        0.806452E+00        0.322581E-01       -0.497118E-10        0.697286E-11
         306        0.806452E+00        0.322581E-01       -0.497118E-10        0.697286E-11
         307        0.806452E+00        0.322581E-01       -0.497118E-10        0.697286E-11
         308        0.806452E+00        0.322581E-01       -0.497118E-10        0.697286E-11
         309        0.806452E+00        0.322581E-01       -0.497118E-10        0.697286E-11
         310        0.806452E+00        0.322581E-01       -0.497118E-10        0.697286E-11
         311        0.806452E+00        0.322581E-01       -0.497118E-10        0.697286E-11
         312        0.806452E+00        0.322581E-01       -0.497118E-10        0.697286E-11
         313        0.806452E+00        0.322581E-01       -0.497118E-10        0.697286E-11
         314        0.806452E+00        0.322581E-01       -0.497118E-10        0.697286E-11
         315        0.806452E+00        0.322581E-01       -0.497118E-10        0.697286E-11
         316        0.806452E+00        0.322581E-01       -0.497118E-10        0.697286E-11
         317        0.806452E+00        0.322581E-01       -0.497118E-10        0.697286E-11
         318        0.806452E+00        0.322581E-01       -0.497118E-10        0.697286E-11
         319        0.806452E+00        0.322581E-01       -0.497118E-10        0.697286E-11
         320        0.806452E+00        0.322581E-01       -0.497118E-10        0.697286E-11
         321        0.806452E+00        0.322581E-01       -0.497118E-10        0.697286E-11
         322        0.806452E+00        0.322581E-01       -0.497118E-10        0.697286E-11
         323        0.806452E+00        0.322581E-01       -0.497118E-10        0.697286E-11
         324        0.806452E+00        0.322581E-01       -0.497118E-10        0.697286E-11
         325        0.806452E+00        0.322581E-01       -0.497118E-10        0.697286E-11
         326        0.806452E+00        0.322581E-01       -0.497118E-10        0.697286E-11
         327        0.806452E+00        0.322581E-01       -0.497118E-10        0.697286E-11
         328        0.806452E+00        0.322581E-01       -0.497118E-10        0.697286E-11
         329        0.806452E+00        0.322581E-01       -0.497118E-10        0.697286E-11
         330        0.806452E+00        0.322581E-01       -0.497118E-10        0.697286E-11
         331        0.806452E+00        0.322581E-01       -0.497118E-10        0.697286E-11
         332        0.806452E+00        0.322581E-01       -0.497118E-10        0.697286E-11
         333        0.806452E+00        0.322581E-01       -0.497118E-10        0.697286E-11
         334        0.806452E+00        0.322581E-01       -0.497118E-10        0.697286E-11
         335        0.806452E+00        0.322581E-01       -0.497118E-10        0.697286E-11
         336        0.806452E+00        0.322581E-01       -0.497118E-10        0.697286E-11
         337        0.806452E+00        0.322581E-01       -0.497118E-10        0.697286E-11
         338        0.806452E+00        0.322581E-01       -0.497118E-10        0.697286E-11
         339        0.806452E+00        0.322581E-01       -0.497118E-10        0.697286E-11
         340        0.806452E+00        0.322581E-01       -0.497118E-10        0.697286E-11
         341        0.806452E+00        0.322581E-01       -0.497118E-10        0.697286E-11
         342        0.806452E+00        0.322581E-01       -0.497118E-10        0.697286E-11
         343        0.806452E+00        0.322581E-01       -0.497118E-10        0.697286E-11
         344        0.806452E+00        0.322581E-01       -0.497118E-10        0.697286E-11
         345        0.806452E+00        0.322581E-01       -0.497118E-10        0.697286E-11
         346        0.806452E+00        0.322581E-01       -0.497118E-10        0.697286E-11
         347        0.806452E+00        0.322581E-01       -0.497118E-10        0.697286E-11
         348        0.806452E+00        0.322581E-01       -0.497118E-10        0.697286E-11
         349        0.806452E+00        0.322581E-01       -0.497118E-10        0.697286E-11
         350        0.806452E+00        0.322581E-01       -0.497118E-10        0.697286E-11
         351        0.806452E+00        0.322581E-01       -0.497118E-10        0.697286E-11
         352        0.806452E+00        0.322581E-01       -0.497118E-10        0.697286E-11
         353        0.806452E+00        0.322581E-01       -0.497118E-10        0.697286E-11
         354        0.806452E+00        0.322581E-01       -0.497118E-10        0.697286E-11
         355        0.806452E+00        0.322581E-01       -0.497118E-10        0.697286E-11
         356        0.806452E+00        0.322581E-01       -0.497118E-10        0.697286E-11
         357        0.806452E+00        0.322581E-01       -0.497118E-10        0.697286E-11
         358        0.806452E+00        0.322581E-01       -0.497118E-10        0.697286E-11
         359        0.806452E+00        0.322581E-01       -0.497118E-10        0.697286E-11
         360        0.806452E+00        0.322581E-01       -0.497118E-10        0.697286E-11
         361        0.806452E+00        0.322581E-01       -0.497118E-10        0.697286E-11
         362        0.806452E+00        0.322581E-01       -0.497118E-10        0.697286E-11
         363        0.806452E+00        0.322581E-01       -0.497118E-10        0.697286E-11
         364        0.806452E+00        0.322581E-01       -0.497118E-10        0.697286E-11
         365        0.806452E+00        0.322581E-01       -0.497118E-10        0.697286E-11
         366        0.806452E+00        0.322581E-01       -0.497118E-10        0.697286E-11
         367        0.806452E+00        0.322581E-01       -0.497118E-10        0.697286E-11
         368        0.806452E+00        0.322581E-01       -0.497118E-10        0.697286E-11
         369        0.806452E+00        0.322581E-01       -0.497118E-10        0.697286E-11
         370        0.806452E+00        0.322581E-01       -0.497118E-10        0.697286E-11
         371        0.806452E+00        0.322581E-01       -0.497118E-10        0.697286E-11
         372        0.806452E+00        0.322581E-01       -0.497118E-10        0.697286E-11
         373        0.806452E+00        0.322581E-01       -0.497118E-10        0.697286E-11
         374        0.806452E+00        0.322581E-01       -0.497118E-10        0.697286E-11
         375        0.806452E+00        0.322581E-01       -0.497118E-10        0.697286E-11
         376        0.806452E+00        0.322581E-01       -0.497118E-10        0.697286E-11
         377        0.806452E+00        0.322581E-01       -0.497118E-10        0.697286E-11
         378        0.806452E+00        0.322581E-01       -0.497118E-10        0.697286E-11
         379        0.806452E+00        0.322581E-01       -0.497118E-10        0.697286E-11
         380        0.806452E+00        0.322581E-01       -0.497118E-10        0.697286E-11
         381        0.806452E+00        0.322581E-01       -0.497118E-10        0.697286E-11
         382        0.806452E+00        0.322581E-01       -0.497118E-10        0.697286E-11
         383        0.806452E+00        0.322581E-01       -0.497118E-10        0.697286E-11
         384        0.806452E+00        0.322581E-01       -0.497118E-10        0.697286E-11
         385        0.806452E+00        0.322581E-01       -0.497118E-10        0.697286E-11
         386        0.806452E+00        0.322581E-01       -0.497118E-10        0.697286E-11
         387        0.806452E+00        0.322581E-01       -0.497118E-10        0.697286E-11
         388        0.806452E+00        0.322581E-01       -0.497118E-10        0.697286E-11
         389        0.806452E+00        0.322581E-01       -0.497118E-10        0.697286E-11
         390        0.806452E+00        0.322581E-01       -0.497118E-10        0.697286E-11
         391        0.806452E+00        0.322581E-01       -0.497118E-10        0.697286E-11
         392        0.806452E+00        0.322581E-01       -0.497118E-10        0.697286E-11
         393        0.806452E+00        0.322581E-01       -0.497118E-10        0.697286E-11
         394        0.806452E+00        0.322581E-01       -0.497118E-10        0.697286E-11
         395        0.806452E+00        0.322581E-01       -0.497118E-10        0.697286E-11
         396        0.806452E+00        0.322581E-01       -0.497118E-10        0.697286E-11
         397        0.806452E+00        0.322581E-01       -0.497118E-10        0.697286E-11
         398        0.806452E+00        0.322581E-01       -0.497118E-10        0.697286E-11
         399        0.806452E+00        0.322581E-01       -0.497118E-10        0.697286E-11
         400        0.806452E+00        0.322581E-01       -0.497118E-10        0.697286E-11
         401        0.806452E+00        0.322581E-01       -0.497118E-10        0.697286E-11
         402        0.806452E+00        0.322581E-01       -0.497118E-10        0.697286E-11
         403        0.806452E+00        0.322581E-01       -0.497118E-10        0.697286E-11
         404        0.806452E+00        0.322581E-01       -0.497118E-10        0.697286E-11
         405        0.806452E+00        0.322581E-01       -0.497118E-10        0.697286E-11
         406        0.806452E+00        0.322581E-01       -0.497118E-10        0.697286E-11
         407        0.806452E+00        0.322581E-01       -0.497118E-10        0.697286E-11
         408        0.806452E+00        0.322581E-01       -0.497118E-10        0.697286E-11
         409        0.806452E+00        0.322581E-01       -0.497118E-10        0.697286E-11
         410        0.806452E+00        0.322581E-01       -0.497118E-10        0.697286E-11
         411        0.806452E+00        0.322581E-01       -0.497118E-10        0.697286E-11
         412        0.806452E+00        0.322581E-01       -0.497118E-10        0.697286E-11
         413        0.806452E+00        0.322581E-01       -0.497118E-10        0.697286E-11
         414        0.806452E+00        0.322581E-01       -0.497118E-10        0.697286E-11
         415        0.806452E+00        0.322581E-01       -0.497118E-10        0.697286E-11
         416        0.806452E+00        0.322581E-01       -0.497118E-10        0.697286E-11
         417        0.806452E+00        0.322581E-01       -0.497118E-10        0.697286E-11
         418        0.806452E+00        0.322581E-01       -0.497118E-10        0.697286E-11
         419        0.806452E+00        0.322581E-01       -0.497118E-10        0.697286E-11
         420        0.806452E+00        0.322581E-01       -0.497118E-10        0.697286E-11
         421        0.806452E+00        0.322581E-01       -0.497118E-10        0.697286E-11
         422        0.806452E+00        0.322581E-01       -0.497118E-10        0.697286E-11
         423        0.806452E+00        0.322581E-01       -0.497118E-10        0.697286E-11
         424        0.806452E+00        0.322581E-01       -0.497118E-10        0.697286E-11
         425        0.806452E+00        0.322581E-01       -0.497118E-10        0.697286E-11
         426        0.806452E+00        0.322581E-01       -0.497118E-10        0.697286E-11
         427        0.806452E+00        0.322581E-01       -0.497118E-10        0.697286E-11
         428        0.806452E+00        0.322581E-01       -0.497118E-10        0.697286E-11
         429        0.806452E+00        0.322581E-01       -0.497118E-10        0.697286E-11
         430        0.806452E+00        0.322581E-01       -0.497118E-10        0.697286E-11
         431        0.806452E+00        0.322581E-01       -0.497118E-10        0.697286E-11
         432        0.806452E+00        0.322581E-01       -0.497118E-10        0.697286E-11
         433        0.806452E+00        0.322581E-01       -0.497118E-10        0.697286E-11
         434        0.806452E+00        0.322581E-01       -0.497118E-10        0.697286E-11
         435        0.806452E+00        0.322581E-01       -0.497118E-10        0.697286E-11
         436        0.806452E+00        0.322581E-01       -0.497118E-10        0.697286E-11
         437        0.806452E+00        0.322581E-01       -0.497118E-10        0.697286E-11
         438        0.806452E+00        0.322581E-01       -0.497118E-10        0.697286E-11
         439        0.806452E+00        0.322581E-01       -0.497118E-10        0.697286E-11
         440        0.806452E+00        0.322581E-01       -0.497118E-10        0.697286E-11
         441        0.806452E+00        0.322581E-01       -0.497118E-10        0.697286E-11
         442        0.806452E+00        0.322581E-01       -0.497118E-10        0.697286E-11
         443        0.806452E+00        0.322581E-01       -0.497118E-10        0.697286E-11
         444        0.806452E+00        0.322581E-01       -0.497118E-10        0.697286E-11
         445        0.806452E+00        0.322581E-01       -0.497118E-10        0.697286E-11
         446        0.806452E+00        0.322581E-01       -0.497118E-10        0.697286E-11
         447        0.806452E+00        0.322581E-01       -0.497118E-10        0.697286E-11
         448        0.806452E+00        0.322581E-01       -0.497118E-10        0.697286E-11
         449        0.806452E+00        0.322581E-01       -0.497118E-10        0.697286E-11
         450        0.806452E+00        0.322581E-01       -0.497118E-10        0.697286E-11
         451        0.806452E+00        0.322581E-01       -0.497118E-10        0.697286E-11
         452        0.806452E+00        0.322581E-01       -0.497118E-10        0.697286E-11
         453        0.806452E+00        0.322581E-01       -0.497118E-10        0.697286E-11
         454        0.806452E+00        0.322581E-01       -0.497118E-10        0.697286E-11
         455        0.806452E+00        0.322581E-01       -0.497118E-10        0.697286E-11
         456        0.806452E+00        0.322581E-01       -0.497118E-10        0.697286E-11
         457        0.806452E+00        0.322581E-01       -0.497118E-10        0.697286E-11
         458        0.806452E+00        0.322581E-01       -0.497118E-10        0.697286E-11
         459        0.806452E+00        0.322581E-01       -0.497118E-10        0.697286E-11
         460        0.806452E+00        0.322581E-01       -0.497118E-10        0.697286E-11
         461        0.806452E+00        0.322581E-01       -0.497118E-10        0.697286E-11
         462        0.806452E+00        0.322581E-01       -0.497118E-10        0.697286E-11
         463        0.806452E+00        0.322581E-01       -0.497118E-10        0.697286E-11
         464        0.806452E+00        0.322581E-01       -0.497118E-10        0.697286E-11
         465        0.806452E+00        0.322581E-01       -0.497118E-10        0.697286E-11
         466        0.806452E+00        0.322581E-01       -0.497118E-10        0.697286E-11
         467        0.806452E+00        0.322581E-01       -0.497118E-10        0.697286E-11
         468        0.806452E+00        0.322581E-01       -0.497118E-10        0.697286E-11
         469        0.806452E+00        0.322581E-01       -0.497118E-10        0.697286E-11
         470        0.806452E+00        0.322581E-01       -0.497118E-10        0.697286E-11
         471        0.806452E+00        0.322581E-01       -0.497118E-10        0.697286E-11
         472        0.806452E+00        0.322581E-01       -0.497118E-10        0.697286E-11
         473        0.806452E+00        0.322581E-01       -0.497118E-10        0.697286E-11
         474        0.806452E+00        0.322581E-01       -0.497118E-10        0.697286E-11
         475        0.806452E+00        0.322581E-01       -0.497118E-10        0.697286E-11
         476        0.806452E+00        0.322581E-01       -0.497118E-10        0.697286E-11
         477        0.806452E+00        0.322581E-01       -0.497118E-10        0.697286E-11
         478        0.806452E+00        0.322581E-01       -0.497118E-10        0.697286E-11
         479        0.806452E+00        0.322581E-01       -0.497118E-10        0.697286E-11
         480        0.806452E+00        0.322581E-01       -0.497118E-10        0.697286E-11
         481        0.806452E+00        0.322581E-01       -0.497118E-10        0.697286E-11
         482        0.806452E+00        0.322581E-01       -0.497118E-10        0.697286E-11
         483        0.806452E+00        0.322581E-01       -0.497118E-10        0.697286E-11
         484        0.806452E+00        0.322581E-01       -0.497118E-10        0.697286E-11
         485        0.806452E+00        0.322581E-01       -0.497118E-10        0.697286E-11
         486        0.806452E+00        0.322581E-01       -0.497118E-10        0.697286E-11
         487        0.806452E+00        0.322581E-01       -0.497118E-10        0.697286E-11
         488        0.806452E+00        0.322581E-01       -0.497118E-10        0.697286E-11
         489        0.806452E+00        0.322581E-01       -0.497118E-10        0.697286E-11
         490        0.806452E+00        0.322581E-01       -0.497118E-10        0.697286E-11
         491        0.806452E+00        0.322581E-01       -0.497118E-10        0.697286E-11
         492        0.806452E+00        0.322581E-01       -0.497118E-10        0.697286E-11
         493        0.806452E+00        0.322581E-01       -0.497118E-10        0.697286E-11
         494        0.806452E+00        0.322581E-01       -0.497118E-10        0.697286E-11
         495        0.806452E+00        0.322581E-01       -0.497118E-10        0.697286E-11
         496        0.806452E+00        0.322581E-01       -0.497118E-10        0.697286E-11
         497        0.806452E+00        0.322581E-01       -0.497118E-10        0.697286E-11
         498        0.806452E+00        0.322581E-01       -0.497118E-10        0.697286E-11
         499        0.806452E+00        0.322581E-01       -0.497118E-10        0.697286E-11
         500        0.806452E+00        0.322581E-01       -0.497118E-10        0.697286E-11
         501        0.806452E+00        0.322581E-01       -0.497118E-10        0.697286E-11
         502        0.806452E+00        0.322581E-01       -0.497118E-10        0.697286E-11
         503        0.806452E+00        0.322581E-01       -0.497118E-10        0.697286E-11
         504        0.806452E+00        0.322581E-01       -0.497118E-10        0.697286E-11
         505        0.806452E+00        0.322581E-01       -0.497118E-10        0.697286E-11
         506        0.806452E+00        0.322581E-01       -0.497118E-10        0.697286E-11
         507        0.806452E+00        0.322581E-01       -0.497118E-10        0.697286E-11
         508        0.806452E+00        0.322581E-01       -0.497118E-10        0.697286E-11
         509        0.806452E+00        0.322581E-01       -0.497118E-10        0.697286E-11
         510        0.806452E+00        0.322581E-01       -0.497118E-10        0.697286E-11
         511        0.806452E+00        0.322581E-01       -0.497118E-10        0.697286E-11
         512        0.806452E+00        0.322581E-01       -0.497118E-10        0.697286E-11
         513        0.806452E+00        0.322581E-01       -0.497118E-10        0.697286E-11
         514        0.806452E+00        0.322581E-01       -0.497118E-10        0.697286E-11
         515        0.806452E+00        0.322581E-01       -0.497118E-10        0.697286E-11
         516        0.806452E+00        0.322581E-01       -0.497118E-10        0.697286E-11
         517        0.806452E+00        0.322581E-01       -0.497118E-10        0.697286E-11
         518        0.806452E+00        0.322581E-01       -0.497118E-10        0.697286E-11
         519        0.806452E+00        0.322581E-01       -0.497118E-10        0.697286E-11
         520        0.806452E+00        0.322581E-01       -0.497118E-10        0.697286E-11
         521        0.806452E+00        0.322581E-01       -0.497118E-10        0.697286E-11
         522        0.806452E+00        0.322581E-01       -0.497118E-10        0.697286E-11
         523        0.806452E+00        0.322581E-01       -0.497118E-10        0.697286E-11
         524        0.806452E+00        0.322581E-01       -0.497118E-10        0.697286E-11
         525        0.806452E+00        0.322581E-01       -0.497118E-10        0.697286E-11
         526        0.806452E+00        0.322581E-01       -0.497118E-10        0.697286E-11
         527        0.806452E+00        0.322581E-01       -0.497118E-10        0.697286E-11
         528        0.806452E+00        0.322581E-01       -0.497118E-10        0.697286E-11
         529        0.806452E+00        0.322581E-01       -0.497118E-10        0.697286E-11
         530        0.806452E+00        0.322581E-01       -0.497118E-10        0.697286E-11
         531        0.806452E+00        0.322581E-01       -0.497118E-10        0.697286E-11
         532        0.806452E+00        0.322581E-01       -0.497118E-10        0.697286E-11
         533        0.806452E+00        0.322581E-01       -0.497118E-10        0.697286E-11
         534        0.806452E+00        0.322581E-01       -0.497118E-10        0.697286E-11
         535        0.806452E+00        0.322581E-01       -0.497118E-10        0.697286E-11
         536        0.806452E+00        0.322581E-01       -0.497118E-10        0.697286E-11
         537        0.806452E+00        0.322581E-01       -0.497118E-10        0.697286E-11
         538        0.806452E+00        0.322581E-01       -0.497118E-10        0.697286E-11
         539        0.806452E+00        0.322581E-01       -0.497118E-10        0.697286E-11
         540        0.806452E+00        0.322581E-01       -0.497118E-10        0.697286E-11
         541        0.806452E+00        0.322581E-01       -0.497118E-10        0.697286E-11
         542        0.806452E+00        0.322581E-01       -0.497118E-10        0.697286E-11
         543        0.806452E+00        0.322581E-01       -0.497118E-10        0.697286E-11
         544        0.806452E+00        0.322581E-01       -0.497118E-10        0.697286E-11
         545        0.806452E+00        0.322581E-01       -0.497118E-10        0.697286E-11
         546        0.806452E+00        0.322581E-01       -0.497118E-10        0.697286E-11
         547        0.806452E+00        0.322581E-01       -0.497118E-10        0.697286E-11
         548        0.806452E+00        0.322581E-01       -0.497118E-10        0.697286E-11
         549        0.806452E+00        0.322581E-01       -0.497118E-10        0.697286E-11
         550        0.806452E+00        0.322581E-01       -0.497118E-10        0.697286E-11
         551        0.806452E+00        0.322581E-01       -0.497118E-10        0.697286E-11
         552        0.806452E+00        0.322581E-01       -0.497118E-10        0.697286E-11
         553        0.806452E+00        0.322581E-01       -0.497118E-10        0.697286E-11
         554        0.806452E+00        0.322581E-01       -0.497118E-10        0.697286E-11
         555        0.806452E+00        0.322581E-01       -0.497118E-10        0.697286E-11
         556        0.806452E+00        0.322581E-01       -0.497118E-10        0.697286E-11
         557        0.806452E+00        0.322581E-01       -0.497118E-10        0.697286E-11
         558        0.806452E+00        0.322581E-01       -0.497118E-10        0.697286E-11
         559        0.806452E+00        0.322581E-01       -0.497118E-10        0.697286E-11
         560        0.806452E+00        0.322581E-01       -0.497118E-10        0.697286E-11
         561        0.806452E+00        0.322581E-01       -0.497118E-10        0.697286E-11
         562        0.806452E+00        0.322581E-01       -0.497118E-10        0.697286E-11
         563        0.806452E+00        0.322581E-01       -0.497118E-10        0.697286E-11
         564        0.806452E+00        0.322581E-01       -0.497118E-10        0.697286E-11
         565        0.806452E+00        0.322581E-01       -0.497118E-10        0.697286E-11
         566        0.806452E+00        0.322581E-01       -0.497118E-10        0.697286E-11
         567        0.806452E+00        0.322581E-01       -0.497118E-10        0.697286E-11
         568        0.806452E+00        0.322581E-01       -0.497118E-10        0.697286E-11
         569        0.806452E+00        0.322581E-01       -0.497118E-10        0.697286E-11
         570        0.806452E+00        0.322581E-01       -0.497118E-10        0.697286E-11
         571        0.806452E+00        0.322581E-01       -0.497118E-10        0.697286E-11
         572        0.806452E+00        0.322581E-01       -0.497118E-10        0.697286E-11
         573        0.806452E+00        0.322581E-01       -0.497118E-10        0.697286E-11
         574        0.806452E+00        0.322581E-01       -0.497118E-10        0.697286E-11
         575        0.806452E+00        0.322581E-01       -0.497118E-10        0.697286E-11
         576        0.806452E+00        0.322581E-01       -0.497118E-10        0.697286E-11
         577        0.806452E+00        0.322581E-01       -0.497118E-10        0.697286E-11
         578        0.806452E+00        0.322581E-01       -0.497118E-10        0.697286E-11
         579        0.806452E+00        0.322581E-01       -0.497118E-10        0.697286E-11
         580        0.806452E+00        0.322581E-01       -0.497118E-10        0.697286E-11
         581        0.806452E+00        0.322581E-01       -0.497118E-10        0.697286E-11
         582        0.806452E+00        0.322581E-01       -0.497118E-10        0.697286E-11
         583        0.806452E+00        0.322581E-01       -0.497118E-10        0.697286E-11
         584        0.806452E+00        0.322581E-01       -0.497118E-10        0.697286E-11
         585        0.806452E+00        0.322581E-01       -0.497118E-10        0.697286E-11
         586        0.806452E+00        0.322581E-01       -0.497118E-10        0.697286E-11
         587        0.806452E+00        0.322581E-01       -0.497118E-10        0.697286E-11
         588        0.806452E+00        0.322581E-01       -0.497118E-10        0.697286E-11
         589        0.806452E+00        0.322581E-01       -0.497118E-10        0.697286E-11
         590        0.806452E+00        0.322581E-01       -0.497118E-10        0.697286E-11
         591        0.806452E+00        0.322581E-01       -0.497118E-10        0.697286E-11
         592        0.806452E+00        0.322581E-01       -0.497118E-10        0.697286E-11
         593        0.806452E+00        0.322581E-01       -0.497118E-10        0.697286E-11
         594        0.806452E+00        0.322581E-01       -0.497118E-10        0.697286E-11
         595        0.806452E+00        0.322581E-01       -0.497118E-10        0.697286E-11
         596        0.806452E+00        0.322581E-01       -0.497118E-10        0.697286E-11
         597        0.806452E+00        0.322581E-01       -0.497118E-10        0.697286E-11
         598        0.806452E+00        0.322581E-01       -0.497118E-10        0.697286E-11
         599        0.806452E+00        0.322581E-01       -0.497118E-10        0.697286E-11
         600        0.806452E+00        0.322581E-01       -0.497118E-10        0.697286E-11
         601        0.806452E+00        0.322581E-01       -0.497118E-10        0.697286E-11
         602        0.806452E+00        0.322581E-01       -0.497118E-10        0.697286E-11
         603        0.806452E+00        0.322581E-01       -0.497118E-10        0.697286E-11
         604        0.806452E+00        0.322581E-01       -0.497118E-10        0.697286E-11
         605        0.806452E+00        0.322581E-01       -0.497118E-10        0.697286E-11
         606        0.806452E+00        0.322581E-01       -0.497118E-10        0.697286E-11
         607        0.806452E+00        0.322581E-01       -0.497118E-10        0.697286E-11
         608        0.806452E+00        0.322581E-01       -0.497118E-10        0.697286E-11
         609        0.806452E+00        0.322581E-01       -0.497118E-10        0.697286E-11
         610        0.806452E+00        0.322581E-01       -0.497118E-10        0.697286E-11
         611        0.806452E+00        0.322581E-01       -0.497118E-10        0.697286E-11
         612        0.806452E+00        0.322581E-01       -0.497118E-10        0.697286E-11
         613        0.806452E+00        0.322581E-01       -0.497118E-10        0.697286E-11
         614        0.806452E+00        0.322581E-01       -0.497118E-10        0.697286E-11
         615        0.806452E+00        0.322581E-01       -0.497118E-10        0.697286E-11
         616        0.806452E+00        0.322581E-01       -0.497118E-10        0.697286E-11
         617        0.806452E+00        0.322581E-01       -0.497118E-10        0.697286E-11
         618        0.806452E+00        0.322581E-01       -0.497118E-10        0.697286E-11
         619        0.806452E+00        0.322581E-01       -0.497118E-10        0.697286E-11
         620        0.806452E+00        0.322581E-01       -0.497118E-10        0.697286E-11
         621        0.806452E+00        0.322581E-01       -0.497118E-10        0.697286E-11
         622        0.806452E+00        0.322581E-01       -0.497118E-10        0.697286E-11
         623        0.806452E+00        0.322581E-01       -0.497118E-10        0.697286E-11
         624        0.806452E+00        0.322581E-01       -0.497118E-10        0.697286E-11
         625        0.806452E+00        0.322581E-01       -0.497118E-10        0.697286E-11
         626        0.806452E+00        0.322581E-01       -0.497118E-10        0.697286E-11
         627        0.806452E+00        0.322581E-01       -0.497118E-10        0.697286E-11
         628        0.806452E+00        0.322581E-01       -0.497118E-10        0.697286E-11
         629        0.806452E+00        0.322581E-01       -0.497118E-10        0.697286E-11
         630        0.806452E+00        0.322581E-01       -0.497118E-10        0.697286E-11
         631        0.806452E+00        0.322581E-01       -0.497118E-10        0.697286E-11
         632        0.806452E+00        0.322581E-01       -0.497118E-10        0.697286E-11
         633        0.806452E+00        0.322581E-01       -0.497118E-10        0.697286E-11
         634        0.806452E+00        0.322581E-01       -0.497118E-10        0.697286E-11
         635        0.806452E+00        0.322581E-01       -0.497118E-10        0.697286E-11
         636        0.806452E+00        0.322581E-01       -0.497118E-10        0.697286E-11
         637        0.806452E+00        0.322581E-01       -0.497118E-10        0.697286E-11
         638        0.806452E+00        0.322581E-01       -0.497118E-10        0.697286E-11
         639        0.806452E+00        0.322581E-01       -0.497118E-10        0.697286E-11
         640        0.806452E+00        0.322581E-01       -0.497118E-10        0.697286E-11
         641        0.806452E+00        0.322581E-01       -0.497118E-10        0.697286E-11
         642        0.806452E+00        0.322581E-01       -0.497118E-10        0.697286E-11
         643        0.806452E+00        0.322581E-01       -0.497118E-10        0.697286E-11
         644        0.806452E+00        0.322581E-01       -0.497118E-10        0.697286E-11
         645        0.806452E+00        0.322581E-01       -0.497118E-10        0.697286E-11
         646        0.806452E+00        0.322581E-01       -0.497118E-10        0.697286E-11
         647        0.806452E+00        0.322581E-01       -0.497118E-10        0.697286E-11
         648        0.806452E+00        0.322581E-01       -0.497118E-10        0.697286E-11
         649        0.806452E+00        0.322581E-01       -0.497118E-10        0.697286E-11
         650        0.806452E+00        0.322581E-01       -0.497118E-10        0.697286E-11
         651        0.806452E+00        0.322581E-01       -0.497118E-10        0.697286E-11
         652        0.806452E+00        0.322581E-01       -0.497118E-10        0.697286E-11
         653        0.806452E+00        0.322581E-01       -0.497118E-10        0.697286E-11
         654        0.806452E+00        0.322581E-01       -0.497118E-10        0.697286E-11
         655        0.806452E+00        0.322581E-01       -0.497118E-10        0.697286E-11
         656        0.806452E+00        0.322581E-01       -0.497118E-10        0.697286E-11
         657        0.806452E+00        0.322581E-01       -0.497118E-10        0.697286E-11
         658        0.806452E+00        0.322581E-01       -0.497118E-10        0.697286E-11
         659        0.806452E+00        0.322581E-01       -0.497118E-10        0.697286E-11
         660        0.806452E+00        0.322581E-01       -0.497118E-10        0.697286E-11
         661        0.806452E+00        0.322581E-01       -0.497118E-10        0.697286E-11
         662        0.806452E+00        0.322581E-01       -0.497118E-10        0.697286E-11
         663        0.806452E+00        0.322581E-01       -0.497118E-10        0.697286E-11
         664        0.806452E+00        0.322581E-01       -0.497118E-10        0.697286E-11
         665        0.806452E+00        0.322581E-01       -0.497118E-10        0.697286E-11
         666        0.806452E+00        0.322581E-01       -0.497118E-10        0.697286E-11
         667        0.806452E+00        0.322581E-01       -0.497118E-10        0.697286E-11
         668        0.806452E+00        0.322581E-01       -0.497118E-10        0.697286E-11
         669        0.806452E+00        0.322581E-01       -0.497118E-10        0.697286E-11
         670        0.806452E+00        0.322581E-01       -0.497118E-10        0.697286E-11
         671        0.806452E+00        0.322581E-01       -0.497118E-10        0.697286E-11
         672        0.806452E+00        0.322581E-01       -0.497118E-10        0.697286E-11
         673        0.806452E+00        0.322581E-01       -0.497118E-10        0.697286E-11
         674        0.806452E+00        0.322581E-01       -0.497118E-10        0.697286E-11
         675        0.806452E+00        0.322581E-01       -0.497118E-10        0.697286E-11
         676        0.806452E+00        0.322581E-01       -0.497118E-10        0.697286E-11
         677        0.806452E+00        0.322581E-01       -0.497118E-10        0.697286E-11
         678        0.806452E+00        0.322581E-01       -0.497118E-10        0.697286E-11
         679        0.806452E+00        0.322581E-01       -0.497118E-10        0.697286E-11
         680        0.806452E+00        0.322581E-01       -0.497118E-10        0.697286E-11
         681        0.806452E+00        0.322581E-01       -0.497118E-10        0.697286E-11
         682        0.806452E+00        0.322581E-01       -0.497118E-10        0.697286E-11
         683        0.806452E+00        0.322581E-01       -0.497118E-10        0.697286E-11
         684        0.806452E+00        0.322581E-01       -0.497118E-10        0.697286E-11
         685        0.806452E+00        0.322581E-01       -0.497118E-10        0.697286E-11
         686        0.806452E+00        0.322581E-01       -0.497118E-10        0.697286E-11
         687        0.806452E+00        0.322581E-01       -0.497118E-10        0.697286E-11
         688        0.806452E+00        0.322581E-01       -0.497118E-10        0.697286E-11
         689        0.806452E+00        0.322581E-01       -0.497118E-10        0.697286E-11
         690        0.806452E+00        0.322581E-01       -0.497118E-10        0.697286E-11
         691        0.806452E+00        0.322581E-01       -0.497118E-10        0.697286E-11
         692        0.806452E+00        0.322581E-01       -0.497118E-10        0.697286E-11
         693        0.806452E+00        0.322581E-01       -0.497118E-10        0.697286E-11
         694        0.806452E+00        0.322581E-01       -0.497118E-10        0.697286E-11
         695        0.806452E+00        0.322581E-01       -0.497118E-10        0.697286E-11
         696        0.806452E+00        0.322581E-01       -0.497118E-10        0.697286E-11
         697        0.806452E+00        0.322581E-01       -0.497118E-10        0.697286E-11
         698        0.806452E+00        0.322581E-01       -0.497118E-10        0.697286E-11
         699        0.806452E+00        0.322581E-01       -0.497118E-10        0.697286E-11
         700        0.806452E+00        0.322581E-01       -0.497118E-10        0.697286E-11
         701        0.806452E+00        0.322581E-01       -0.497118E-10        0.697286E-11
         702        0.806452E+00        0.322581E-01       -0.497118E-10        0.697286E-11
         703        0.806452E+00        0.322581E-01       -0.497118E-10        0.697286E-11
         704        0.806452E+00        0.322581E-01       -0.497118E-10        0.697286E-11
         705        0.806452E+00        0.322581E-01       -0.497118E-10        0.697286E-11
         706        0.806452E+00        0.322581E-01       -0.497118E-10        0.697286E-11
         707        0.806452E+00        0.322581E-01       -0.497118E-10        0.697286E-11
         708        0.806452E+00        0.322581E-01       -0.497118E-10        0.697286E-11
         709        0.806452E+00        0.322581E-01       -0.497118E-10        0.697286E-11
         710        0.806452E+00        0.322581E-01       -0.497118E-10        0.697286E-11
         711        0.806452E+00        0.322581E-01       -0.497118E-10        0.697286E-11
         712        0.806452E+00        0.322581E-01       -0.497118E-10        0.697286E-11
         713        0.806452E+00        0.322581E-01       -0.497118E-10        0.697286E-11
         714        0.806452E+00        0.322581E-01       -0.497118E-10        0.697286E-11
         715        0.806452E+00        0.322581E-01       -0.497118E-10        0.697286E-11
         716        0.806452E+00        0.322581E-01       -0.497118E-10        0.697286E-11
         717        0.806452E+00        0.322581E-01       -0.497118E-10        0.697286E-11
         718        0.806452E+00        0.322581E-01       -0.497118E-10        0.697286E-11
         719        0.806452E+00        0.322581E-01       -0.497118E-10        0.697286E-11
         720        0.806452E+00        0.322581E-01       -0.497118E-10        0.697286E-11
         721        0.806452E+00        0.322581E-01       -0.497118E-10        0.697286E-11
         722        0.806452E+00        0.322581E-01       -0.497118E-10        0.697286E-11
         723        0.806452E+00        0.322581E-01       -0.497118E-10        0.697286E-11
         724        0.806452E+00        0.322581E-01       -0.497118E-10        0.697286E-11
         725        0.806452E+00        0.322581E-01       -0.497118E-10        0.697286E-11
         726        0.806452E+00        0.322581E-01       -0.497118E-10        0.697286E-11
         727        0.806452E+00        0.322581E-01       -0.497118E-10        0.697286E-11
         728        0.806452E+00        0.322581E-01       -0.497118E-10        0.697286E-11
         729        0.806452E+00        0.322581E-01       -0.497118E-10        0.697286E-11
         730        0.806452E+00        0.322581E-01       -0.497118E-10        0.697286E-11
         731        0.806452E+00        0.322581E-01       -0.497118E-10        0.697286E-11
         732        0.806452E+00        0.322581E-01       -0.497118E-10        0.697286E-11
         733        0.806452E+00        0.322581E-01       -0.497118E-10        0.697286E-11
         734        0.806452E+00        0.322581E-01       -0.497118E-10        0.697286E-11
         735        0.806452E+00        0.322581E-01       -0.497118E-10        0.697286E-11
         736        0.806452E+00        0.322581E-01       -0.497118E-10        0.697286E-11
         737        0.806452E+00        0.322581E-01       -0.497118E-10        0.697286E-11
         738        0.806452E+00        0.322581E-01       -0.497118E-10        0.697286E-11
         739        0.806452E+00        0.322581E-01       -0.497118E-10        0.697286E-11
         740        0.806452E+00        0.322581E-01       -0.497118E-10        0.697286E-11
         741        0.806452E+00        0.322581E-01       -0.497118E-10        0.697286E-11
         742        0.806452E+00        0.322581E-01       -0.497118E-10        0.697286E-11
         743        0.806452E+00        0.322581E-01       -0.497118E-10        0.697286E-11
         744        0.806452E+00        0.322581E-01       -0.497118E-10        0.697286E-11
         745        0.806452E+00        0.322581E-01       -0.497118E-10        0.697286E-11
         746        0.806452E+00        0.322581E-01       -0.497118E-10        0.697286E-11
         747        0.806452E+00        0.322581E-01       -0.497118E-10        0.697286E-11
         748        0.806452E+00        0.322581E-01       -0.497118E-10        0.697286E-11
         749        0.806452E+00        0.322581E-01       -0.497118E-10        0.697286E-11
         750        0.806452E+00        0.322581E-01       -0.497118E-10        0.697286E-11
         751        0.806452E+00        0.322581E-01       -0.497118E-10        0.697286E-11
         752        0.806452E+00        0.322581E-01       -0.497118E-10        0.697286E-11
         753        0.806452E+00        0.322581E-01       -0.497118E-10        0.697286E-11
         754        0.806452E+00        0.322581E-01       -0.497118E-10        0.697286E-11
         755        0.806452E+00        0.322581E-01       -0.497118E-10        0.697286E-11
         756        0.806452E+00        0.322581E-01       -0.497118E-10        0.697286E-11
         757        0.806452E+00        0.322581E-01       -0.497118E-10        0.697286E-11
         758        0.806452E+00        0.322581E-01       -0.497118E-10        0.697286E-11
         759        0.806452E+00        0.322581E-01       -0.497118E-10        0.697286E-11
         760        0.806452E+00        0.322581E-01       -0.497118E-10        0.697286E-11
         761        0.806452E+00        0.322581E-01       -0.497118E-10        0.697286E-11
         762        0.806452E+00        0.322581E-01       -0.497118E-10        0.697286E-11
         763        0.806452E+00        0.322581E-01       -0.497118E-10        0.697286E-11
         764        0.806452E+00        0.322581E-01       -0.497118E-10        0.697286E-11
         765        0.806452E+00        0.322581E-01       -0.497118E-10        0.697286E-11
         766        0.806452E+00        0.322581E-01       -0.497118E-10        0.697286E-11
         767        0.806452E+00        0.322581E-01       -0.497118E-10        0.697286E-11
         768        0.806452E+00        0.322581E-01       -0.497118E-10        0.697286E-11
         769        0.806452E+00        0.322581E-01       -0.497118E-10        0.697286E-11
         770        0.806452E+00        0.322581E-01       -0.497118E-10        0.697286E-11
         771        0.806452E+00        0.322581E-01       -0.497118E-10        0.697286E-11
         772        0.806452E+00        0.322581E-01       -0.497118E-10        0.697286E-11
         773        0.806452E+00        0.322581E-01       -0.497118E-10        0.697286E-11
         774        0.806452E+00        0.322581E-01       -0.497118E-10        0.697286E-11
         775        0.806452E+00        0.322581E-01       -0.497118E-10        0.697286E-11
         776        0.806452E+00        0.322581E-01       -0.497118E-10        0.697286E-11
         777        0.806452E+00        0.322581E-01       -0.497118E-10        0.697286E-11
         778        0.806452E+00        0.322581E-01       -0.497118E-10        0.697286E-11
         779        0.806452E+00        0.322581E-01       -0.497118E-10        0.697286E-11
         780        0.806452E+00        0.322581E-01       -0.497118E-10        0.697286E-11
         781        0.806452E+00        0.322581E-01       -0.497118E-10        0.697286E-11
         782        0.806452E+00        0.322581E-01       -0.497118E-10        0.697286E-11
         783        0.806452E+00        0.322581E-01       -0.497118E-10        0.697286E-11
         784        0.806452E+00        0.322581E-01       -0.497118E-10        0.697286E-11
         785        0.806452E+00        0.322581E-01       -0.497118E-10        0.697286E-11
         786        0.806452E+00        0.322581E-01       -0.497118E-10        0.697286E-11
         787        0.806452E+00        0.322581E-01       -0.497118E-10        0.697286E-11
         788        0.806452E+00        0.322581E-01       -0.497118E-10        0.697286E-11
         789        0.806452E+00        0.322581E-01       -0.497118E-10        0.697286E-11
         790        0.806452E+00        0.322581E-01       -0.497118E-10        0.697286E-11
         791        0.806452E+00        0.322581E-01       -0.497118E-10        0.697286E-11
         792        0.806452E+00        0.322581E-01       -0.497118E-10        0.697286E-11
         793        0.806452E+00        0.322581E-01       -0.497118E-10        0.697286E-11
         794        0.806452E+00        0.322581E-01       -0.497118E-10        0.697286E-11
         795        0.806452E+00        0.322581E-01       -0.497118E-10        0.697286E-11
         796        0.806452E+00        0.322581E-01       -0.497118E-10        0.697286E-11
         797        0.806452E+00        0.322581E-01       -0.497118E-10        0.697286E-11
         798        0.806452E+00        0.322581E-01       -0.497118E-10        0.697286E-11
         799        0.806452E+00        0.322581E-01       -0.497118E-10        0.697286E-11
         800        0.806452E+00        0.322581E-01       -0.497118E-10        0.697286E-11
         801        0.806452E+00        0.322581E-01       -0.497118E-10        0.697286E-11
         802        0.806452E+00        0.322581E-01       -0.497118E-10        0.697286E-11
         803        0.806452E+00        0.322581E-01       -0.497118E-10        0.697286E-11
         804        0.806452E+00        0.322581E-01       -0.497118E-10        0.697286E-11
         805        0.806452E+00        0.322581E-01       -0.497118E-10        0.697286E-11
         806        0.806452E+00        0.322581E-01       -0.497118E-10        0.697286E-11
         807        0.806452E+00        0.322581E-01       -0.497118E-10        0.697286E-11
         808        0.806452E+00        0.322581E-01       -0.497118E-10        0.697286E-11
         809        0.806452E+00        0.322581E-01       -0.497118E-10        0.697286E-11
         810        0.806452E+00        0.322581E-01       -0.497118E-10        0.697286E-11
         811        0.806452E+00        0.322581E-01       -0.497118E-10        0.697286E-11
         812        0.806452E+00        0.322581E-01       -0.497118E-10        0.697286E-11
         813        0.806452E+00        0.322581E-01       -0.497118E-10        0.697286E-11
         814        0.806452E+00        0.322581E-01       -0.497118E-10        0.697286E-11
         815        0.806452E+00        0.322581E-01       -0.497118E-10        0.697286E-11
         816        0.806452E+00        0.322581E-01       -0.497118E-10        0.697286E-11
         817        0.806452E+00        0.322581E-01       -0.497118E-10        0.697286E-11
         818        0.806452E+00        0.322581E-01       -0.497118E-10        0.697286E-11
         819        0.806452E+00        0.322581E-01       -0.497118E-10        0.697286E-11
         820        0.806452E+00        0.322581E-01       -0.497118E-10        0.697286E-11
         821        0.806452E+00        0.322581E-01       -0.497118E-10        0.697286E-11
         822        0.806452E+00        0.322581E-01       -0.497118E-10        0.697286E-11
         823        0.806452E+00        0.322581E-01       -0.497118E-10        0.697286E-11
         824        0.806452E+00        0.322581E-01       -0.497118E-10        0.697286E-11
         825        0.806452E+00        0.322581E-01       -0.497118E-10        0.697286E-11
         826        0.806452E+00        0.322581E-01       -0.497118E-10        0.697286E-11
         827        0.806452E+00        0.322581E-01       -0.497118E-10        0.697286E-11
         828        0.806452E+00        0.322581E-01       -0.497118E-10        0.697286E-11
         829        0.806452E+00        0.322581E-01       -0.497118E-10        0.697286E-11
         830        0.806452E+00        0.322581E-01       -0.497118E-10        0.697286E-11
         831        0.806452E+00        0.322581E-01       -0.497118E-10        0.697286E-11
         832        0.806452E+00        0.322581E-01       -0.497118E-10        0.697286E-11
         833        0.806452E+00        0.322581E-01       -0.497118E-10        0.697286E-11
         834        0.806452E+00        0.322581E-01       -0.497118E-10        0.697286E-11
         835        0.806452E+00        0.322581E-01       -0.497118E-10        0.697286E-11
         836        0.806452E+00        0.322581E-01       -0.497118E-10        0.697286E-11
         837        0.806452E+00        0.322581E-01       -0.497118E-10        0.697286E-11
         838        0.806452E+00        0.322581E-01       -0.497118E-10        0.697286E-11
         839        0.806452E+00        0.322581E-01       -0.497118E-10        0.697286E-11
         840        0.806452E+00        0.322581E-01       -0.497118E-10        0.697286E-11
         841        0.806452E+00        0.322581E-01       -0.497118E-10        0.697286E-11
         842        0.806452E+00        0.322581E-01       -0.497118E-10        0.697286E-11
         843        0.806452E+00        0.322581E-01       -0.497118E-10        0.697286E-11
         844        0.806452E+00        0.322581E-01       -0.497118E-10        0.697286E-11
         845        0.806452E+00        0.322581E-01       -0.497118E-10        0.697286E-11
         846        0.806452E+00        0.322581E-01       -0.497118E-10        0.697286E-11
         847        0.806452E+00        0.322581E-01       -0.497118E-10        0.697286E-11
         848        0.806452E+00        0.322581E-01       -0.497118E-10        0.697286E-11
         849        0.806452E+00        0.322581E-01       -0.497118E-10        0.697286E-11
         850        0.806452E+00        0.322581E-01       -0.497118E-10        0.697286E-11
         851        0.806452E+00        0.322581E-01       -0.497118E-10        0.697286E-11
         852        0.806452E+00        0.322581E-01       -0.497118E-10        0.697286E-11
         853        0.806452E+00        0.322581E-01       -0.497118E-10        0.697286E-11
         854        0.806452E+00        0.322581E-01       -0.497118E-10        0.697286E-11
         855        0.806452E+00        0.322581E-01       -0.497118E-10        0.697286E-11
         856        0.806452E+00        0.322581E-01       -0.497118E-10        0.697286E-11
         857        0.806452E+00        0.322581E-01       -0.497118E-10        0.697286E-11
         858        0.806452E+00        0.322581E-01       -0.497118E-10        0.697286E-11
         859        0.806452E+00        0.322581E-01       -0.497118E-10        0.697286E-11
         860        0.806452E+00        0.322581E-01       -0.497118E-10        0.697286E-11
         861        0.806452E+00        0.322581E-01       -0.497118E-10        0.697286E-11
         862        0.806452E+00        0.322581E-01       -0.497118E-10        0.697286E-11
         863        0.806452E+00        0.322581E-01       -0.497118E-10        0.697286E-11
         864        0.806452E+00        0.322581E-01       -0.497118E-10        0.697286E-11
         865        0.806452E+00        0.322581E-01       -0.497118E-10        0.697286E-11
         866        0.806452E+00        0.322581E-01       -0.497118E-10        0.697286E-11
         867        0.806452E+00        0.322581E-01       -0.497118E-10        0.697286E-11
         868        0.806452E+00        0.322581E-01       -0.497118E-10        0.697286E-11
         869        0.806452E+00        0.322581E-01       -0.497118E-10        0.697286E-11
         870        0.806452E+00        0.322581E-01       -0.497118E-10        0.697286E-11
         871        0.806452E+00        0.322581E-01       -0.497118E-10        0.697286E-11
         872        0.806452E+00        0.322581E-01       -0.497118E-10        0.697286E-11
         873        0.806452E+00        0.322581E-01       -0.497118E-10        0.697286E-11
         874        0.806452E+00        0.322581E-01       -0.497118E-10        0.697286E-11
         875        0.806452E+00        0.322581E-01       -0.497118E-10        0.697286E-11
         876        0.806452E+00        0.322581E-01       -0.497118E-10        0.697286E-11
         877        0.806452E+00        0.322581E-01       -0.497118E-10        0.697286E-11
         878        0.806452E+00        0.322581E-01       -0.497118E-10        0.697286E-11
         879        0.806452E+00        0.322581E-01       -0.497118E-10        0.697286E-11
         880        0.806452E+00        0.322581E-01       -0.497118E-10        0.697286E-11
         881        0.806452E+00        0.322581E-01       -0.497118E-10        0.697286E-11
         882        0.806452E+00        0.322581E-01       -0.497118E-10        0.697286E-11
         883        0.806452E+00        0.322581E-01       -0.497118E-10        0.697286E-11
         884        0.806452E+00        0.322581E-01       -0.497118E-10        0.697286E-11
         885        0.806452E+00        0.322581E-01       -0.497118E-10        0.697286E-11
         886        0.806452E+00        0.322581E-01       -0.497118E-10        0.697286E-11
         887        0.806452E+00        0.322581E-01       -0.497118E-10        0.697286E-11
         888        0.806452E+00        0.322581E-01       -0.497118E-10        0.697286E-11
         889        0.806452E+00        0.322581E-01       -0.497118E-10        0.697286E-11
         890        0.806452E+00        0.322581E-01       -0.497118E-10        0.697286E-11
         891        0.806452E+00        0.322581E-01       -0.497118E-10        0.697286E-11
         892        0.806452E+00        0.322581E-01       -0.497118E-10        0.697286E-11
         893        0.806452E+00        0.322581E-01       -0.497118E-10        0.697286E-11
         894        0.806452E+00        0.322581E-01       -0.497118E-10        0.697286E-11
         895        0.806452E+00        0.322581E-01       -0.497118E-10        0.697286E-11
         896        0.806452E+00        0.322581E-01       -0.497118E-10        0.697286E-11
         897        0.806452E+00        0.322581E-01       -0.497118E-10        0.697286E-11
         898        0.806452E+00        0.322581E-01       -0.497118E-10        0.697286E-11
         899        0.806452E+00        0.322581E-01       -0.497118E-10        0.697286E-11
         900        0.806452E+00        0.322581E-01       -0.497118E-10        0.697286E-11
         901        0.806452E+00        0.322581E-01       -0.497118E-10        0.697286E-11
         902        0.806452E+00        0.322581E-01       -0.497118E-10        0.697286E-11
         903        0.806452E+00        0.322581E-01       -0.497118E-10        0.697286E-11
         904        0.806452E+00        0.322581E-01       -0.497118E-10        0.697286E-11
         905        0.806452E+00        0.322581E-01       -0.497118E-10        0.697286E-11
         906        0.806452E+00        0.322581E-01       -0.497118E-10        0.697286E-11
         907        0.806452E+00        0.322581E-01       -0.497118E-10        0.697286E-11
         908        0.806452E+00        0.322581E-01       -0.497118E-10        0.697286E-11
         909        0.806452E+00        0.322581E-01       -0.497118E-10        0.697286E-11
         910        0.806452E+00        0.322581E-01       -0.497118E-10        0.697286E-11
         911        0.806452E+00        0.322581E-01       -0.497118E-10        0.697286E-11
         912        0.806452E+00        0.322581E-01       -0.497118E-10        0.697286E-11
         913        0.806452E+00        0.322581E-01       -0.497118E-10        0.697286E-11
         914        0.806452E+00        0.322581E-01       -0.497118E-10        0.697286E-11
         915        0.806452E+00        0.322581E-01       -0.497118E-10        0.697286E-11
         916        0.806452E+00        0.322581E-01       -0.497118E-10        0.697286E-11
         917        0.806452E+00        0.322581E-01       -0.497118E-10        0.697286E-11
         918        0.806452E+00        0.322581E-01       -0.497118E-10        0.697286E-11
         919        0.806452E+00        0.322581E-01       -0.497118E-10        0.697286E-11
         920        0.806452E+00        0.322581E-01       -0.497118E-10        0.697286E-11
         921        0.806452E+00        0.322581E-01       -0.497118E-10        0.697286E-11
         922        0.806452E+00        0.322581E-01       -0.497118E-10        0.697286E-11
         923        0.806452E+00        0.322581E-01       -0.497118E-10        0.697286E-11
         924        0.806452E+00        0.322581E-01       -0.497118E-10        0.697286E-11
         925        0.806452E+00        0.322581E-01       -0.497118E-10        0.697286E-11
         926        0.806452E+00        0.322581E-01       -0.497118E-10        0.697286E-11
         927        0.806452E+00        0.322581E-01       -0.497118E-10        0.697286E-11
         928        0.806452E+00        0.322581E-01       -0.497118E-10        0.697286E-11
         929        0.806452E+00        0.322581E-01       -0.497118E-10        0.697286E-11
         930        0.806452E+00        0.322581E-01       -0.497118E-10        0.697286E-11
         931        0.806452E+00        0.322581E-01       -0.497118E-10        0.697286E-11
         932        0.806452E+00        0.322581E-01       -0.497118E-10        0.697286E-11
         933        0.806452E+00        0.322581E-01       -0.497118E-10        0.697286E-11
         934        0.806452E+00        0.322581E-01       -0.497118E-10        0.697286E-11
         935        0.806452E+00        0.322581E-01       -0.497118E-10        0.697286E-11
         936        0.806452E+00        0.322581E-01       -0.497118E-10        0.697286E-11
         937        0.806452E+00        0.322581E-01       -0.497118E-10        0.697286E-11
         938        0.806452E+00        0.322581E-01       -0.497118E-10        0.697286E-11
         939        0.806452E+00        0.322581E-01       -0.497118E-10        0.697286E-11
         940        0.806452E+00        0.322581E-01       -0.497118E-10        0.697286E-11
         941        0.806452E+00        0.322581E-01       -0.497118E-10        0.697286E-11
         942        0.806452E+00        0.322581E-01       -0.497118E-10        0.697286E-11
         943        0.806452E+00        0.322581E-01       -0.497118E-10        0.697286E-11
         944        0.806452E+00        0.322581E-01       -0.497118E-10        0.697286E-11
         945        0.806452E+00        0.322581E-01       -0.497118E-10        0.697286E-11
         946        0.806452E+00        0.322581E-01       -0.497118E-10        0.697286E-11
         947        0.806452E+00        0.322581E-01       -0.497118E-10        0.697286E-11
         948        0.806452E+00        0.322581E-01       -0.497118E-10        0.697286E-11
         949        0.806452E+00        0.322581E-01       -0.497118E-10        0.697286E-11
         950        0.806452E+00        0.322581E-01       -0.497118E-10        0.697286E-11
         951        0.806452E+00        0.322581E-01       -0.497118E-10        0.697286E-11
         952        0.806452E+00        0.322581E-01       -0.497118E-10        0.697286E-11
         953        0.806452E+00        0.322581E-01       -0.497118E-10        0.697286E-11
         954        0.806452E+00        0.322581E-01       -0.497118E-10        0.697286E-11
         955        0.806452E+00        0.322581E-01       -0.497118E-10        0.697286E-11
         956        0.806452E+00        0.322581E-01       -0.497118E-10        0.697286E-11
         957        0.806452E+00        0.322581E-01       -0.497118E-10        0.697286E-11
         958        0.806452E+00        0.322581E-01       -0.497118E-10        0.697286E-11
         959        0.806452E+00        0.322581E-01       -0.497118E-10        0.697286E-11
         960        0.806452E+00        0.322581E-01       -0.497118E-10        0.697286E-11
         961        0.806452E+00        0.322581E-01       -0.497118E-10        0.697286E-11
         962        0.806452E+00        0.322581E-01       -0.497118E-10        0.697286E-11
         963        0.806452E+00        0.322581E-01       -0.497118E-10        0.697286E-11
         964        0.806452E+00        0.322581E-01       -0.497118E-10        0.697286E-11
         965        0.806452E+00        0.322581E-01       -0.497118E-10        0.697286E-11
         966        0.806452E+00        0.322581E-01       -0.497118E-10        0.697286E-11
         967        0.806452E+00        0.322581E-01       -0.497118E-10        0.697286E-11
         968        0.806452E+00        0.322581E-01       -0.497118E-10        0.697286E-11
         969        0.806452E+00        0.322581E-01       -0.497118E-10        0.697286E-11
         970        0.806452E+00        0.322581E-01       -0.497118E-10        0.697286E-11
         971        0.806452E+00        0.322581E-01       -0.497118E-10        0.697286E-11
         972        0.806452E+00        0.322581E-01       -0.497118E-10        0.697286E-11
         973        0.806452E+00        0.322581E-01       -0.497118E-10        0.697286E-11
         974        0.806452E+00        0.322581E-01       -0.497118E-10        0.697286E-11
         975        0.806452E+00        0.322581E-01       -0.497118E-10        0.697286E-11
         976        0.806452E+00        0.322581E-01       -0.497118E-10        0.697286E-11
         977        0.806452E+00        0.322581E-01       -0.497118E-10        0.697286E-11
         978        0.806452E+00        0.322581E-01       -0.497118E-10        0.697286E-11
         979        0.806452E+00        0.322581E-01       -0.497118E-10        0.697286E-11
         980        0.806452E+00        0.322581E-01       -0.497118E-10        0.697286E-11
         981        0.806452E+00        0.322581E-01       -0.497118E-10        0.697286E-11
         982        0.806452E+00        0.322581E-01       -0.497118E-10        0.697286E-11
         983        0.806452E+00        0.322581E-01       -0.497118E-10        0.697286E-11
         984        0.806452E+00        0.322581E-01       -0.497118E-10        0.697286E-11
         985        0.806452E+00        0.322581E-01       -0.497118E-10        0.697286E-11
         986        0.806452E+00        0.322581E-01       -0.497118E-10        0.697286E-11
         987        0.806452E+00        0.322581E-01       -0.497118E-10        0.697286E-11
         988        0.806452E+00        0.322581E-01       -0.497118E-10        0.697286E-11
         989        0.806452E+00        0.322581E-01       -0.497118E-10        0.697286E-11
         990        0.806452E+00        0.322581E-01       -0.497118E-10        0.697286E-11
         991        0.806452E+00        0.322581E-01       -0.497118E-10        0.697286E-11
         992        0.806452E+00        0.322581E-01       -0.497118E-10        0.697286E-11
         993        0.806452E+00        0.322581E-01       -0.497118E-10        0.697286E-11
         994        0.806452E+00        0.322581E-01       -0.497118E-10        0.697286E-11
         995        0.806452E+00        0.322581E-01       -0.497118E-10        0.697286E-11
         996        0.806452E+00        0.322581E-01       -0.497118E-10        0.697286E-11
         997        0.806452E+00        0.322581E-01       -0.497118E-10        0.697286E-11
         998        0.806452E+00        0.322581E-01       -0.497118E-10        0.697286E-11
         999        0.806452E+00        0.322581E-01       -0.497118E-10        0.697286E-11
        1000        0.806452E+00        0.322581E-01       -0.497118E-10        0.697286E-11
        1001        0.806452E+00        0.322581E-01       -0.497118E-10        0.697286E-11
        1002        0.806452E+00        0.322581E-01       -0.497118E-10        0.697286E-11
        1003        0.806452E+00        0.322581E-01       -0.497118E-10        0.697286E-11
        1004        0.806452E+00        0.322581E-01       -0.497118E-10        0.697286E-11
        1005        0.806452E+00        0.322581E-01       -0.497118E-10        0.697286E-11
        1006        0.806452E+00        0.322581E-01       -0.497118E-10        0.697286E-11
        1007        0.806452E+00        0.322581E-01       -0.497118E-10        0.697286E-11
        1008        0.806452E+00        0.322581E-01       -0.497118E-10        0.697286E-11
        1009        0.806452E+00        0.322581E-01       -0.497118E-10        0.697286E-11
        1010        0.806452E+00        0.322581E-01       -0.497118E-10        0.697286E-11
        1011        0.806452E+00        0.322581E-01       -0.497118E-10        0.697286E-11
        1012        0.806452E+00        0.322581E-01       -0.497118E-10        0.697286E-11
        1013        0.806452E+00        0.322581E-01       -0.497118E-10        0.697286E-11
        1014        0.806452E+00        0.322581E-01       -0.497118E-10        0.697286E-11
        1015        0.806452E+00        0.322581E-01       -0.497118E-10        0.697286E-11
        1016        0.806452E+00        0.322581E-01       -0.497118E-10        0.697286E-11
        1017        0.806452E+00        0.322581E-01       -0.497118E-10        0.697286E-11
        1018        0.806452E+00        0.322581E-01       -0.497118E-10        0.697286E-11
        1019        0.806452E+00        0.322581E-01       -0.497118E-10        0.697286E-11
        1020        0.806452E+00        0.322581E-01       -0.497118E-10        0.697286E-11
