            1        0.00000000000              -0.595012110281
            2        0.00000000000               0.183383895781
            3       3.541499953790E-13          0.00000000000
            4      -2.482837337344E-13        -9.999999776483E-03
            5        0.00000000000              -0.585242646112
            6        0.00000000000               0.181824438612
            7       1.607015709055E-12          0.00000000000
            8      -5.456639947327E-13        -9.999999776483E-03
            9        0.00000000000              -0.451906597873
           10        0.00000000000            -7.674319675476E-02
           11       1.066444815823E-12          0.00000000000
           12      -9.458229975069E-13        -9.999999776483E-03
           13        0.00000000000              -0.320670044922
           14        0.00000000000            -3.203998719697E-03
           15       1.291671592836E-12          0.00000000000
           16      -8.589860608428E-13        -9.999999776483E-03
           17        0.00000000000              -0.115731781051
           18        0.00000000000             1.065510822152E-02
           19       1.720098883536E-12          0.00000000000
           20      -1.536543560103E-12        -9.999999776483E-03
           21        0.00000000000             2.154699725337E-03
           22        0.00000000000            -6.473061176562E-02
           23       1.863496162213E-12          0.00000000000
           24      -2.019909085254E-12        -9.999999776483E-03
           25        0.00000000000               0.118752921407
           26        0.00000000000             8.850548056091E-03
           27        0.00000000000               0.324844225665
           28        0.00000000000            -4.091178707877E-03
           29       2.249636668030E-12          0.00000000000
           30      -2.416795282201E-12        -9.999999776483E-03
           31       2.552846624316E-12          0.00000000000
           32      -2.996279916935E-12        -9.999999776483E-03
           33        0.00000000000               0.453254152815
           34        0.00000000000            -7.953131445101E-02
           35        0.00000000000               0.589522889182
           36        0.00000000000               0.176762145073
           37       2.764861420581E-12          0.00000000000
           38      -3.537999346113E-12        -9.999999776483E-03
           39        0.00000000000               0.587534125957
           40        0.00000000000               0.178961575248
           41       3.023901643420E-12          0.00000000000
           42      -4.146572187541E-12        -9.999999776483E-03
           43      -3.512893848527E-13          0.00000000000
           44      -2.401764771305E-13          0.00000000000
           45      -1.592593136109E-12          0.00000000000
           46      -5.299184660563E-13          0.00000000000
           47      -1.062281245483E-12          0.00000000000
           48      -9.272028654426E-13          0.00000000000
           49      -1.288053857577E-12          0.00000000000
           50      -8.431194635622E-13          0.00000000000
           51       3.241591905140E-12          0.00000000000
           52      -4.836426364327E-12        -9.999999776483E-03
           53      -1.714485793527E-12          0.00000000000
           54      -1.516602336251E-12          0.00000000000
           55      -1.859001893577E-12          0.00000000000
           56      -1.998320769356E-12          0.00000000000
           57       3.452642240311E-12          0.00000000000
           58      -5.547943071800E-12        -9.999999776483E-03
           59      -2.242707295158E-12          0.00000000000
           60      -2.396487569171E-12          0.00000000000
           61      -2.544408493731E-12          0.00000000000
           62      -2.974683206821E-12          0.00000000000
           63       3.666668884680E-12          0.00000000000
           64      -6.306429429517E-12        -9.999999776483E-03
           65      -2.755612976031E-12          0.00000000000
           66      -3.517446507054E-12          0.00000000000
           67       3.863459818735E-12          0.00000000000
           68      -7.106578666188E-12        -9.999999776483E-03
           69      -3.013130293870E-12          0.00000000000
           70      -4.125663928503E-12          0.00000000000
           71      -3.229572145599E-12          0.00000000000
           72      -4.815900160622E-12          0.00000000000
           73       4.048685585774E-12          0.00000000000
           74      -7.935140835170E-12        -9.999999776483E-03
           75      -3.439301937191E-12          0.00000000000
           76      -5.526899443001E-12          0.00000000000
           77       4.227471009804E-12          0.00000000000
           78      -8.803381325866E-12        -9.999999776483E-03
           79      -3.651799169918E-12          0.00000000000
           80      -6.285937389335E-12          0.00000000000
           81       4.391199142766E-12          0.00000000000
           82      -9.703101041296E-12        -9.999999776483E-03
           83      -3.847143263119E-12          0.00000000000
           84      -7.085457004445E-12          0.00000000000
           85       4.548873952351E-12          0.00000000000
           86      -1.063439544507E-11        -9.999999776483E-03
           87      -4.030881019323E-12          0.00000000000
           88      -7.914624790522E-12          0.00000000000
           89      -4.208165018913E-12          0.00000000000
           90      -8.782247733452E-12          0.00000000000
           91       4.695294375167E-12          0.00000000000
           92      -1.159436505490E-11        -9.999999776483E-03
           93      -4.370399645382E-12          0.00000000000
           94      -9.682546372429E-12          0.00000000000
           95       4.834486502946E-12          0.00000000000
           96      -1.258257709416E-11        -9.999999776483E-03
           97      -4.526558843027E-12          0.00000000000
           98      -1.061322286020E-11          0.00000000000
           99       4.963265746551E-12          0.00000000000
          100      -1.359460239202E-11        -9.999999776483E-03
          101      -4.671452689082E-12          0.00000000000
          102      -1.157376662221E-11          0.00000000000
          103       5.085529538717E-12          0.00000000000
          104      -1.463197904145E-11        -9.999999776483E-03
          105      -4.809104960865E-12          0.00000000000
          106      -1.256135444860E-11          0.00000000000
          107       5.197581957050E-12          0.00000000000
          108      -1.568985813519E-11        -9.999999776483E-03
          109      -4.936344779844E-12          0.00000000000
          110      -1.357394031696E-11          0.00000000000
          111       5.303742471363E-12          0.00000000000
          112      -1.676968032340E-11        -9.999999776483E-03
          113      -5.057057775155E-12          0.00000000000
          114      -1.461070316542E-11          0.00000000000
          115       5.400483491125E-12          0.00000000000
          116      -1.786704501131E-11        -9.999999776483E-03
          117      -5.167534192720E-12          0.00000000000
          118      -1.566915115503E-11          0.00000000000
          119      -5.272120199661E-12          0.00000000000
          120      -1.674834042330E-11          0.00000000000
          121       5.491694722428E-12          0.00000000000
          122      -1.898328798564E-11        -9.999999776483E-03
          123      -5.367275228724E-12          0.00000000000
          124      -1.784627447367E-11          0.00000000000
          125       5.574238484125E-12          0.00000000000
          126      -2.011409957910E-11        -9.999999776483E-03
          127      -5.456880489913E-12          0.00000000000
          128      -1.896189785660E-11          0.00000000000
          129       5.651678238741E-12          0.00000000000
          130      -2.126100020846E-11        -9.999999776483E-03
          131      -5.537817573186E-12          0.00000000000
          132      -2.009328168745E-11          0.00000000000
          133       5.721133939610E-12          0.00000000000
          134      -2.241982220208E-11        -9.999999776483E-03
          135      -5.613634551712E-12          0.00000000000
          136      -2.123958814574E-11          0.00000000000
          137       5.785909300794E-12          0.00000000000
          138      -2.359216606755E-11        -9.999999776483E-03
          139      -5.681452713882E-12          0.00000000000
          140      -2.239895007913E-11          0.00000000000
          141       5.843437164567E-12          0.00000000000
          142      -2.477390570509E-11        -9.999999776483E-03
          143      -5.744617867758E-12          0.00000000000
          144      -2.357066549910E-11          0.00000000000
          145       5.896755723570E-12          0.00000000000
          146      -2.596685851643E-11        -9.999999776483E-03
          147      -5.800455164125E-12          0.00000000000
          148      -2.475297765772E-11          0.00000000000
          149       5.943437346725E-12          0.00000000000
          150      -2.716699701433E-11        -9.999999776483E-03
          151      -5.852096330332E-12          0.00000000000
          152      -2.594528117363E-11          0.00000000000
          153       5.986391647129E-12          0.00000000000
          154      -2.837618029130E-11        -9.999999776483E-03
          155      -5.897121521109E-12          0.00000000000
          156      -2.714601500419E-11          0.00000000000
          157       6.023413750903E-12          0.00000000000
          158      -2.959061468180E-11        -9.999999776483E-03
          159      -5.938368409905E-12          0.00000000000
          160      -2.835458761700E-11          0.00000000000
          161       6.057127716348E-12          0.00000000000
          162      -3.081215843859E-11        -9.999999776483E-03
          163      -5.973703954169E-12          0.00000000000
          164      -2.956955342540E-11          0.00000000000
          165       6.085648449769E-12          0.00000000000
          166      -3.203717773440E-11        -9.999999776483E-03
          167      -6.005684443112E-12          0.00000000000
          168      -3.079046468351E-11          0.00000000000
          169       6.111228240783E-12          0.00000000000
          170      -3.326763242858E-11        -9.999999776483E-03
          171      -6.032523957611E-12          0.00000000000
          172      -3.201606660972E-11          0.00000000000
          173       6.132420130308E-12          0.00000000000
          174      -3.450000672222E-11        -9.999999776483E-03
          175      -6.056344733821E-12          0.00000000000
          176      -3.324597762006E-11          0.00000000000
          177       6.151058326239E-12          0.00000000000
          178      -3.573641260356E-11        -9.999999776483E-03
          179      -6.075816772692E-12          0.00000000000
          180      -3.447884272068E-11          0.00000000000
          181       6.166033538221E-12          0.00000000000
          182      -3.697342570646E-11        -9.999999776483E-03
          183      -6.092864384150E-12          0.00000000000
          184      -3.571470331685E-11          0.00000000000
          185       6.178853949124E-12          0.00000000000
          186      -3.821340950017E-11        -9.999999776483E-03
          187      -6.105907781790E-12          0.00000000000
          188      -3.695223312261E-11          0.00000000000
          189       6.188712891810E-12          0.00000000000
          190      -3.945247509710E-11        -9.999999776483E-03
          191      -6.117094955100E-12          0.00000000000
          192      -3.819119555447E-11          0.00000000000
          193       6.197389787542E-12          0.00000000000
          194      -4.069359607687E-11        -9.999999776483E-03
          195      -6.125172688799E-12          0.00000000000
          196      -3.943138471314E-11          0.00000000000
          197       6.202819585712E-12          0.00000000000
          198      -4.193342799581E-11        -9.999999776483E-03
          199      -6.130937059552E-12          0.00000000000
          200      -4.067193440560E-11          0.00000000000
          201       6.207281014453E-12          0.00000000000
          202      -4.317315307131E-11        -9.999999776483E-03
          203      -6.135982129128E-12          0.00000000000
          204      -4.191228667767E-11          0.00000000000
          205       6.211268177924E-12          0.00000000000
          206      -4.441302179647E-11        -9.999999776483E-03
          207      -6.139207614763E-12          0.00000000000
          208      -4.315462934323E-11          0.00000000000
          209       6.211459352543E-12          0.00000000000
          210      -4.565382741823E-11        -9.999999776483E-03
          211      -6.139939386991E-12          0.00000000000
          212      -4.439210734157E-11          0.00000000000
          213       6.217015103224E-12          0.00000000000
          214      -4.688862223241E-11        -9.999999776483E-03
          215      -6.145361638111E-12          0.00000000000
          216      -4.562951930849E-11          0.00000000000
          217       6.224777175373E-12          0.00000000000
          218      -4.813203899690E-11          0.00000000000
          219       4.980211507417E-12          0.00000000000
          220      -4.812344318783E-11          0.00000000000
          221      -6.139534780870E-12          0.00000000000
          222      -4.687078781375E-11          0.00000000000
          223       3.744887258730E-12          0.00000000000
          224      -4.811539014266E-11          0.00000000000
          225       2.508122970765E-12          0.00000000000
          226      -4.811392468924E-11          0.00000000000
          227       1.271797944598E-12          0.00000000000
          228      -4.810898777205E-11          0.00000000000
          229       3.855592866639E-14          0.00000000000
          230      -4.810767234203E-11          0.00000000000
          231      -1.198184337695E-12          0.00000000000
          232      -4.810692834806E-11          0.00000000000
          233      -2.431135490093E-12          0.00000000000
          234      -4.810541744383E-11          0.00000000000
          235      -3.665029503730E-12          0.00000000000
          236      -4.811080934940E-11          0.00000000000
          237      -4.905371388636E-12          0.00000000000
          238      -4.810511350742E-11          0.00000000000
          239      -6.130973108520E-12          0.00000000000
          240      -4.809723791549E-11          0.00000000000
