            1      -4.275147395353E-12         1.344239369107E-12
            2      -4.012348204544E-12         7.376647880879E-13
            3      -2.936593070586E-12         2.449793163185E-13
            4      -2.360632106879E-12        -4.755689730137E-14
            5      -2.028200843497E-12        -2.105275619784E-13
            6      -1.799379406459E-12        -3.033507712669E-13
            7      -1.616437496472E-12        -3.595291601811E-13
            8      -1.455440460464E-12        -3.964523130812E-13
            9      -1.305901229384E-12        -4.230545050942E-13
           10      -1.162897106393E-12        -4.440287469920E-13
           11      -1.023970199919E-12        -4.619470486695E-13
           12      -8.878508566839E-13        -4.783001599831E-13
           13      -7.538947711620E-13        -4.940102800722E-13
           14      -6.218131847154E-13        -5.096913639200E-13
           15      -4.915315299658E-13        -5.257885172694E-13
           16      -3.631084105470E-13        -5.426593967913E-13
           17      -2.366841113199E-13        -5.606290040953E-13
           18      -1.124424536974E-13        -5.800356837169E-13
           19       9.425079582484E-15        -6.012819071968E-13
           20       1.287641540298E-13        -6.249056955059E-13
           21       2.455278496377E-13        -6.516983038713E-13
           22       3.599037206747E-13        -6.829162384215E-13
           23       4.725684787928E-13        -7.206828725379E-13
           24       5.852586184786E-13        -7.687733409365E-13
           25       7.022452345126E-13        -8.341893469968E-13
           26       8.348502537786E-13        -9.304457459388E-13
           27       1.018028928534E-12        -1.085041769642E-12
           28       1.385044617943E-12        -1.359866160463E-12
           29       2.617825203803E-12        -1.928424723826E-12
           30       1.080104944234E-11        -3.557774275484E-12
           31      -1.631811318832E-12         1.124488076817E-13
           32      -3.443626787244E-12        -1.993129479167E-13
           33      -3.123782500330E-12        -4.453149993111E-13
           34      -2.688213990551E-12        -6.438751778792E-13
           35      -2.346279547622E-12        -7.813890467992E-13
           36      -2.080962957601E-12        -8.716346652195E-13
           37      -1.860120776584E-12        -9.313890261756E-13
           38      -1.663440244270E-12        -9.727910448932E-13
           39      -1.480095579547E-12        -1.003444430896E-12
           40      -1.304539555802E-12        -1.027924748969E-12
           41      -1.133905082154E-12        -1.049008896431E-12
           42      -9.666648422421E-13        -1.068447889315E-12
           43      -8.019731296144E-13        -1.087413820274E-12
           44      -6.393401961429E-13        -1.106754474424E-12
           45      -4.784622264488E-13        -1.127142856561E-12
           46      -3.191222622139E-13        -1.149171846779E-12
           47      -1.611211007801E-13        -1.173422082148E-12
           48      -4.216512295826E-15        -1.200519632129E-12
           49       1.519431498439E-13        -1.231194876622E-12
           50       3.079026510451E-13        -1.266352556615E-12
           51       4.645130962850E-13        -1.307163522871E-12
           52       6.230892999564E-13        -1.355189074846E-12
           53       7.856339698321E-13        -1.412543804739E-12
           54       9.551889167188E-13        -1.482080008814E-12
           55       1.136555744233E-12        -1.567511593318E-12
           56       1.338474360644E-12        -1.673262309248E-12
           57       1.582211858004E-12        -1.803679285889E-12
           58       1.939921833439E-12        -1.961589302689E-12
           59       2.732027789578E-12        -2.150383275816E-12
           60       6.287838311140E-12        -2.443910345593E-12
           61      -7.488376042407E-12        -1.082828761220E-12
           62      -4.439201635099E-12        -1.282513579686E-12
           63      -3.582669982074E-12        -1.364087107634E-12
           64      -3.051924043574E-12        -1.447540447137E-12
           65      -2.663054643245E-12        -1.535581536960E-12
           66      -2.355224970328E-12        -1.615033859910E-12
           67      -2.094084399218E-12        -1.680561221660E-12
           68      -1.859435051848E-12        -1.732896031752E-12
           69      -1.639936094972E-12        -1.774943543468E-12
           70      -1.429396503804E-12        -1.809776462384E-12
           71      -1.224435084040E-12        -1.839973105931E-12
           72      -1.023151464940E-12        -1.867539077254E-12
           73      -8.244122188882E-13        -1.894014862719E-12
           74      -6.274725519839E-13        -1.920613087593E-12
           75      -4.317694759797E-13        -1.948338443064E-12
           76      -2.367975458549E-13        -1.978083997775E-12
           77      -4.201948219438E-14        -2.010709845437E-12
           78       1.532160239128E-13        -2.047111997749E-12
           79       3.497694261068E-13        -2.088287596234E-12
           80       5.488387430482E-13        -2.135397308401E-12
           81       7.521484881709E-13        -2.189812534120E-12
           82       9.622399839030E-13        -2.253100648394E-12
           83       1.182922272731E-12        -2.326814830341E-12
           84       1.419941912290E-12        -2.411747899066E-12
           85       1.681775845796E-12        -2.505850188381E-12
           86       1.979516197548E-12        -2.599125205038E-12
           87       2.320379937335E-12        -2.662727010916E-12
           88       2.670378145241E-12        -2.631653369091E-12
           89       2.780644510565E-12        -2.405146606487E-12
           90       8.381928730841E-13        -1.991666749856E-12
           91      -2.684513287166E-11         9.691920319202E-13
           92      -6.755578013025E-12        -1.872936009279E-12
           93      -4.086394324459E-12        -2.316696915987E-12
           94      -3.310780903239E-12        -2.432909726001E-12
           95      -2.891276315198E-12        -2.509045472616E-12
           96      -2.568016537669E-12        -2.581176926047E-12
           97      -2.283147899111E-12        -2.647914474490E-12
           98      -2.018689461455E-12        -2.706560816844E-12
           99      -1.766624697022E-12        -2.757030505545E-12
          100      -1.522474263812E-12        -2.800751246895E-12
          101      -1.283487798407E-12        -2.839591548007E-12
          102      -1.047894965513E-12        -2.875345937452E-12
          103      -8.144950849903E-13        -2.909574115935E-12
          104      -5.824054019714E-13        -2.943599695730E-12
          105      -3.508982812151E-13        -2.978565148578E-12
          106      -1.192874869396E-13        -3.015499658540E-12
          107       1.131638959121E-13        -3.055386060490E-12
          108       3.473364313646E-13        -3.099225446288E-12
          109       5.843730636562E-13        -3.148102366230E-12
          110       8.258617458311E-13        -3.203253911696E-12
          111       1.074154152136E-12        -3.266143006875E-12
          112       1.332970230167E-12        -3.338528065285E-12
          113       1.608607703736E-12        -3.422503630392E-12
          114       1.912427252579E-12        -3.520454289929E-12
          115       2.265933137372E-12        -3.634810965558E-12
          116       2.710533899744E-12        -3.767386702079E-12
          117       3.322022183482E-12        -3.917521601814E-12
          118       4.200459826247E-12        -4.074833618604E-12
          119       5.126107431227E-12        -4.191056940774E-12
          120       8.316639122320E-13        -4.350683020741E-12
          121      -4.971184692328E-11         6.972860189140E-12
          122      -8.780854419011E-12        -8.991876573300E-13
          123      -4.485425858320E-12        -2.587710081003E-12
          124      -3.494841297011E-12        -3.192015904669E-12
          125      -3.051865652262E-12        -3.483141297651E-12
          126      -2.722211100135E-12        -3.656598356857E-12
          127      -2.422304265498E-12        -3.775353898910E-12
          128      -2.134529363815E-12        -3.863898994068E-12
          129      -1.854208908302E-12        -3.933813282048E-12
          130      -1.579184361280E-12        -3.991658571749E-12
          131      -1.307905814207E-12        -4.041681943207E-12
          132      -1.039121023518E-12        -4.086874982076E-12
          133      -7.717959585390E-13        -4.129470079326E-12
          134      -5.050434926178E-13        -4.171219893012E-12
          135      -2.380439936167E-13        -4.213579741429E-12
          136       3.003793982148E-14        -4.257841465638E-12
          137       3.001447405155E-13        -4.305244581019E-12
          138       5.734400802790E-13        -4.357084570632E-12
          139       8.514755959022E-13        -4.414841137751E-12
          140       1.136467670023E-12        -4.480363165739E-12
          141       1.431803218812E-12        -4.556183345519E-12
          142       1.743035173878E-12        -4.646123348032E-12
          143       2.079968636162E-12        -4.756561632399E-12
          144       2.461298485754E-12        -4.899242073638E-12
          145       2.925601846820E-12        -5.097714553113E-12
          146       3.559655405068E-12        -5.402451533349E-12
          147       4.581131426650E-12        -5.927377091436E-12
          148       6.634297895530E-12        -6.944748571519E-12
          149       1.226639905703E-11        -9.184155835999E-12
          150       3.933295040687E-11        -1.525649819724E-11
          151      -7.790111051614E-12         3.048881838029E-12
          152      -6.968241841566E-12        -7.634871961510E-13
          153      -4.774394216496E-12        -2.909128943630E-12
          154      -3.805577929640E-12        -4.003480984255E-12
          155      -3.270018317663E-12        -4.574763042268E-12
          156      -2.876865256882E-12        -4.892401818813E-12
          157      -2.534613750531E-12        -5.084795685748E-12
          158      -2.213469468008E-12        -5.212853421489E-12
          159      -1.902653167899E-12        -5.306077452716E-12
          160      -1.597524196453E-12        -5.379421305675E-12
          161      -1.295623122990E-12        -5.441010732317E-12
          162      -9.953818221358E-13        -5.495667201882E-12
          163      -6.956432997501E-13        -5.546540580049E-12
          164      -3.954380155443E-13        -5.595896223848E-12
          165      -9.384755272363E-14        -5.645522572216E-12
          166       2.101023764525E-13        -5.696967985084E-12
          167       5.175471049759E-13        -5.751704715702E-12
          168       8.299084453791E-13        -5.811273676646E-12
          169       1.149067986620E-12        -5.877453393075E-12
          170       1.477632511907E-12        -5.952512615074E-12
          171       1.819373927014E-12        -6.039660603586E-12
          172       2.180017388224E-12        -6.143943138712E-12
          173       2.568794219614E-12        -6.274146675992E-12
          174       3.001902586110E-12        -6.447005624489E-12
          175       3.511443307398E-12        -6.696729886849E-12
          176       4.172403684296E-12        -7.097076405753E-12
          177       5.198358057094E-12        -7.814656618823E-12
          178       7.353472937982E-12        -9.251947100596E-12
          179       1.436425034343E-11        -1.253922546271E-11
          180       5.849375242530E-11        -2.209127886453E-11
          181      -1.928507404720E-12        -7.656248622269E-13
          182      -6.293234684770E-12        -2.834078978934E-12
          183      -5.315264988873E-12        -4.401401052848E-12
          184      -4.276080811127E-12        -5.417210389810E-12
          185      -3.557787336337E-12        -6.022900446567E-12
          186      -3.042323731893E-12        -6.383390068296E-12
          187      -2.627957359577E-12        -6.608440584676E-12
          188      -2.260848342596E-12        -6.759552243202E-12
          189      -1.915446491987E-12        -6.869394764153E-12
          190      -1.579887191228E-12        -6.955383434491E-12
          191      -1.248518395141E-12        -7.027184771518E-12
          192      -9.184436881218E-13        -7.090536876666E-12
          193      -5.879677253982E-13        -7.149145744651E-12
          194      -2.558871427575E-13        -7.205636977474E-12
          195       7.885481653754E-14        -7.262055704789E-12
          196       4.173639409097E-13        -7.320153549308E-12
          197       7.609385581754E-13        -7.381579213120E-12
          198       1.111210424579E-12        -7.448033999306E-12
          199       1.470313807750E-12        -7.521431865915E-12
          200       1.841105665658E-12        -7.604100483210E-12
          201       2.227450581632E-12        -7.699070493095E-12
          202       2.634560253358E-12        -7.810526310622E-12
          203       3.069326202212E-12        -7.944540554182E-12
          204       3.540540300672E-12        -8.110302240096E-12
          205       4.059204402765E-12        -8.322217104443E-12
          206       4.641689165601E-12        -8.603592076432E-12
          207       5.332516197298E-12        -8.993053507805E-12
          208       6.333759987657E-12        -9.553372689122E-12
          209       8.723234871486E-12        -1.037127174838E-11
          210       2.003421676835E-11        -1.148851304116E-11
          211      -1.275757079262E-11        -5.962392729687E-12
          212      -7.667099017810E-12        -6.724678272214E-12
          213      -5.724643255783E-12        -7.263198112139E-12
          214      -4.498859447530E-12        -7.652556046962E-12
          215      -3.690547991155E-12        -7.953837375254E-12
          216      -3.115344433495E-12        -8.186450024423E-12
          217      -2.659160073306E-12        -8.365429090984E-12
          218      -2.260097530296E-12        -8.504846548572E-12
          219      -1.887145800204E-12        -8.616263653268E-12
          220      -1.525349684347E-12        -8.708365172763E-12
          221      -1.167526965805E-12        -8.787440529195E-12
          222      -8.100957757741E-13        -8.858041838612E-12
          223      -4.510737297065E-13        -8.923543951673E-12
          224      -8.913074804351E-14        -8.986556959076E-12
          225       2.768737887217E-13        -9.049217805102E-12
          226       6.481442819999E-13        -9.113400362797E-12
          227       1.026124939179E-12        -9.180876798397E-12
          228       1.412667587011E-12        -9.253452795008E-12
          229       1.810235512375E-12        -9.333086965918E-12
          230       2.222180731640E-12        -9.421983676178E-12
          231       2.653129922693E-12        -9.522599253208E-12
          232       3.109498014134E-12        -9.637378028504E-12
          233       3.600068860661E-12        -9.767730843483E-12
          234       4.136289425971E-12        -9.911057797911E-12
          235       4.730946559280E-12        -1.005308209022E-11
          236       5.390745143049E-12        -1.014995494391E-11
          237       6.088424876724E-12        -1.009181754639E-11
          238       6.671266607827E-12        -9.649533270500E-12
          239       6.582786311258E-12        -8.485348740865E-12
          240       3.031211077970E-12        -6.471961737783E-12
          241      -3.641766203323E-11        -7.625203773996E-12
          242      -8.715774536154E-12        -1.040563289295E-11
          243      -5.091535154272E-12        -1.029095780144E-11
          244      -4.033826054420E-12        -1.010447002997E-11
          245      -3.449276076304E-12        -1.009139756535E-11
          246      -2.991309580661E-12        -1.017808056439E-11
          247      -2.580588065130E-12        -1.029749269523E-11
          248      -2.190628046279E-12        -1.041711677356E-11
          249      -1.809561103167E-12        -1.052566305814E-11
          250      -1.431309425032E-12        -1.062149046458E-11
          251      -1.052583554060E-12        -1.070650821947E-11
          252      -6.714833043245E-13        -1.078353565871E-11
          253      -2.867548110514E-13        -1.085533885376E-11
          254       1.026234138512E-13        -1.092437642145E-11
          255       4.976874423279E-13        -1.099281219794E-11
          256       8.996610347476E-13        -1.106261460302E-11
          257       1.310114512216E-12        -1.113567821383E-11
          258       1.731157675269E-12        -1.121394893372E-11
          259       2.165723666589E-12        -1.129954728288E-11
          260       2.618035905087E-12        -1.139487672502E-11
          261       3.094433037747E-12        -1.150266886947E-11
          262       3.604904552712E-12        -1.162582481866E-11
          263       4.166054153524E-12        -1.176668981026E-11
          264       4.806897002347E-12        -1.192489362639E-11
          265       5.579921055531E-12        -1.209180076256E-11
          266       6.579857924018E-12        -1.223737815811E-11
          267       7.961619211665E-12        -1.228080241276E-11
          268       9.862862752188E-12        -1.202773584938E-11
          269       1.153232995602E-11        -1.107095307548E-11
          270       3.195019776205E-12        -9.330770238416E-12
          271      -6.669015686566E-11        -6.316681975409E-13
          272      -8.097554037306E-12        -1.014474154284E-11
          273      -3.787014942201E-12        -1.141577909475E-11
          274      -3.247234992427E-12        -1.175658167530E-11
          275      -3.025838959537E-12        -1.196234640087E-11
          276      -2.755038497662E-12        -1.214256444777E-11
          277      -2.427364745735E-12        -1.230482972304E-11
          278      -2.066907217478E-12        -1.244686083977E-11
          279      -1.689089282031E-12        -1.256931503031E-11
          280      -1.301164257893E-12        -1.267522646075E-11
          281      -9.060486586866E-13        -1.276837341384E-11
          282      -5.046704225550E-13        -1.285237818278E-11
          283      -9.705603602518E-14        -1.293040342814E-11
          284       3.172440861363E-13        -1.300514564507E-11
          285       7.390338205678E-13        -1.307894353691E-11
          286       1.169490960029E-12        -1.315392024928E-11
          287       1.610273173077E-12        -1.323213497174E-11
          288       2.063714457402E-12        -1.331574896825E-11
          289       2.533165304158E-12        -1.340723220946E-11
          290       3.023603936484E-12        -1.350966644625E-11
          291       3.542799345209E-12        -1.362726332873E-11
          292       4.103655188713E-12        -1.376636324055E-11
          293       4.729183420842E-12        -1.393753072134E-11
          294       5.463544774342E-12        -1.416019294660E-11
          295       6.397641665282E-12        -1.447321216626E-11
          296       7.731696911844E-12        -1.495925427199E-11
          297       9.942042454914E-12        -1.580097470300E-11
          298       1.430037743730E-11        -1.741061589516E-11
          299       2.497328972430E-11        -2.072964850268E-11
          300       6.025866174388E-11        -2.759671728444E-11
          301      -1.229770814961E-11         1.225987285077E-12
          302      -6.115520398625E-12        -6.999469006000E-12
          303      -3.756878338880E-12        -1.084063716983E-11
          304      -3.195247064452E-12        -1.264118627502E-11
          305      -2.919340418869E-12        -1.355273632256E-11
          306      -2.630741762736E-12        -1.405769961660E-11
          307      -2.297482810829E-12        -1.436703911852E-11
          308      -1.931376059707E-12        -1.457665003208E-11
          309      -1.544441458788E-12        -1.473188440556E-11
          310      -1.143713183537E-12        -1.485540678007E-11
          311      -7.326569307800E-13        -1.495944042621E-11
          312      -3.127592149449E-13        -1.505121955217E-11
          313       1.155512769569E-13        -1.513547399212E-11
          314       5.524764062572E-13        -1.521561366685E-11
          315       9.986956492678E-13        -1.529433853464E-11
          316       1.455360885091E-12        -1.537399412551E-11
          317       1.924187483267E-12        -1.545682244572E-11
          318       2.407639247001E-12        -1.554519353224E-11
          319       2.909244966408E-12        -1.564189469567E-11
          320       3.434138354870E-12        -1.575059661414E-11
          321       3.990017968334E-12        -1.587674125113E-11
          322       4.588965542319E-12        -1.602940376996E-11
          323       5.251180262590E-12        -1.622540323359E-11
          324       6.013424351125E-12        -1.649861349493E-11
          325       6.950344772336E-12        -1.692129857733E-11
          326       8.235379931210E-12        -1.765344304155E-11
          327       1.034236185616E-11        -1.905995553052E-11
          328       1.486443831419E-11        -2.201679378923E-11
          329       2.918326738932E-11        -2.894476858574E-11
          330       1.185127524583E-10        -4.966147343572E-11
          331      -5.704458581646E-13        -3.056911370764E-12
          332      -6.857907090496E-12        -8.220485368208E-12
          333      -5.336991031072E-12        -1.201707329965E-11
          334      -4.032475682535E-12        -1.426604722616E-11
          335      -3.229400453487E-12        -1.550222498752E-11
          336      -2.676155248571E-12        -1.618532013810E-11
          337      -2.222030931424E-12        -1.658491883422E-11
          338      -1.800358982239E-12        -1.684004113383E-11
          339      -1.384404748327E-12        -1.701935587738E-11
          340      -9.640862308017E-13        -1.715687608426E-11
          341      -5.358187626983E-13        -1.727010193099E-11
          342      -9.836525754922E-14        -1.736868394847E-11
          343       3.488163896880E-13        -1.745847074860E-11
          344       8.062369516917E-13        -1.754341420728E-11
          345       1.274667265688E-12        -1.762650214164E-11
          346       1.755307227255E-12        -1.771025571315E-11
          347       2.249938587641E-12        -1.779703979484E-11
          348       2.761114840250E-12        -1.788931032313E-11
          349       3.292423707623E-12        -1.798987854041E-11
          350       3.848849539150E-12        -1.810227536486E-11
          351       4.437246112640E-12        -1.823134921629E-11
          352       5.066884174619E-12        -1.838435734818E-11
          353       5.749953059857E-12        -1.857309183790E-11
          354       6.501895455413E-12        -1.881818525392E-11
          355       7.342404452585E-12        -1.915799345276E-11
          356       8.304120001451E-12        -1.966678966373E-11
          357       9.487073038900E-12        -2.048972531457E-11
          358       1.134429946050E-11        -2.189519422230E-11
          359       1.619807668350E-11        -2.428314419514E-11
          360       3.989379213310E-11        -2.779128296536E-11
          361      -1.394391063242E-11        -1.256679236146E-11
          362      -9.339929955555E-12        -1.487580815514E-11
          363      -6.397503777638E-12        -1.655653974829E-11
          364      -4.505254317070E-12        -1.762207218103E-11
          365      -3.366555763296E-12        -1.829870037228E-11
          366      -2.636881260294E-12        -1.874192489057E-11
          367      -2.096570970314E-12        -1.904646700419E-11
          368      -1.632900676469E-12        -1.926771563388E-11
          369      -1.194004850240E-12        -1.943768586489E-11
          370      -7.576753357925E-13        -1.957515159102E-11
          371      -3.149632142422E-13        -1.969153269243E-11
          372       1.375587295677E-13        -1.979415844435E-11
          373       6.012439534441E-13        -1.988805006386E-11
          374       1.076866191874E-12        -1.997690741202E-11
          375       1.565275853349E-12        -2.006367855551E-11
          376       2.067725182162E-12        -2.015091392400E-11
          377       2.586089686731E-12        -2.024101127843E-11
          378       3.123093667038E-12        -2.033640574246E-11
          379       3.682598343467E-12        -2.043972403038E-11
          380       4.269984993352E-12        -2.055387894812E-11
          381       4.892625116614E-12        -2.068199061564E-11
          382       5.560314170837E-12        -2.082680315770E-11
          383       6.285214990733E-12        -2.098873872379E-11
          384       7.079972633031E-12        -2.116051425084E-11
          385       7.950427919315E-12        -2.131365917687E-11
          386       8.874086920260E-12        -2.136764060609E-11
          387       9.744843942831E-12        -2.112794052186E-11
          388       1.025326266251E-11        -2.019592380789E-11
          389       9.713154617779E-12        -1.797886476948E-11
          390       6.643664135156E-12        -1.423738595160E-11
          391      -3.396017662206E-11        -2.171505717457E-11
          392      -8.239766003739E-12        -2.345252823832E-11
          393      -4.573675684266E-12        -2.240672356712E-11
          394      -3.400392724395E-12        -2.171950233063E-11
          395      -2.741778495360E-12        -2.150656404869E-11
          396      -2.243775648767E-12        -2.154179239495E-11
          397      -1.803800038330E-12        -2.167102157174E-11
          398      -1.380049908611E-12        -2.182147435304E-11
          399      -9.539502032303E-13        -2.196539567679E-11
          400      -5.177003167006E-13        -2.209520800187E-11
          401      -6.845191905053E-14        -2.221115396292E-11
          402       3.946036450109E-13        -2.231597449849E-11
          403       8.716516751571E-13        -2.241287522921E-11
          404       1.362924203213E-12        -2.250487861795E-11
          405       1.869030180630E-12        -2.259471220812E-11
          406       2.391159076049E-12        -2.268488457583E-11
          407       2.931273992403E-12        -2.277781691291E-11
          408       3.492373158955E-12        -2.287598141335E-11
          409       4.078902685555E-12        -2.298201595855E-11
          410       4.697448049857E-12        -2.309875463563E-11
          411       5.357936541003E-12        -2.322900978567E-11
          412       6.075794224020E-12        -2.337467760847E-11
          413       6.875892719513E-12        -2.353411484598E-11
          414       7.799724352272E-12        -2.369532724621E-11
          415       8.917586313082E-12        -2.381953886164E-11
          416       1.034427896113E-11        -2.380406993142E-11
          417       1.223189921684E-11        -2.340514467456E-11
          418       1.457417011001E-11        -2.210186824711E-11
          419       1.591582757946E-11        -1.900483819377E-11
          420       4.917819343163E-12        -1.422039517942E-11
          421      -5.976203732836E-11        -2.001571937553E-11
          422      -2.673450581454E-12        -2.587895555689E-11
          423      -7.516624669429E-13        -2.499278516025E-11
          424      -1.355082880069E-12        -2.432882060835E-11
          425      -1.655993383347E-12        -2.411337365600E-11
          426      -1.620853318714E-12        -2.414100208854E-11
          427      -1.392280647522E-12        -2.426578883719E-11
          428      -1.060906862667E-12        -2.441568402026E-11
          429      -6.723459464334E-13        -2.456150952363E-11
          430      -2.482480436304E-13        -2.469435394074E-11
          431       2.011082011579E-13        -2.481365310022E-11
          432       6.707418176505E-13        -2.492175697382E-11
          433       1.158274096008E-12        -2.502172271275E-11
          434       1.662790614505E-12        -2.511654760873E-11
          435       2.184398439230E-12        -2.520899425450E-11
          436       2.724110960282E-12        -2.530164240566E-11
          437       3.283926367079E-12        -2.539702625528E-11
          438       3.867084850535E-12        -2.549781613838E-11
          439       4.478580278015E-12        -2.560705300312E-11
          440       5.126130247109E-12        -2.572848242842E-11
          441       5.822065646780E-12        -2.586709452262E-11
          442       6.587173300254E-12        -2.603010549395E-11
          443       7.458834903726E-12        -2.622892157024E-11
          444       8.508837998492E-12        -2.648334818645E-11
          445       9.883378207581E-12        -2.683097049436E-11
          446       1.189533422308E-11        -2.734815887676E-11
          447       1.524643986101E-11        -2.819490532268E-11
          448       2.160687562093E-11        -2.969361930303E-11
          449       3.525791311649E-11        -3.233621237818E-11
          450       6.269708685754E-11        -3.519801807744E-11
          451      -1.447552151476E-11        -5.771848912458E-12
          452      -6.911063708343E-13        -1.821648904423E-11
          453       5.868109139535E-14        -2.285385568162E-11
          454      -7.057999795463E-13        -2.485347109786E-11
          455      -1.148910192616E-12        -2.584948808174E-11
          456      -1.218218704780E-12        -2.641186014659E-11
          457      -1.053059214974E-12        -2.676797810331E-11
          458      -7.557733127364E-13        -2.701719223979E-11
          459      -3.831489402068E-13        -2.720615859849E-11
          460       3.583190280147E-14        -2.735854304853E-11
          461       4.866861305124E-13        -2.748747616398E-11
          462       9.621516890190E-13        -2.760098754019E-11
          463       1.458634483401E-12        -2.770448231260E-11
          464       1.974577689527E-12        -2.780194295344E-11
          465       2.509762407756E-12        -2.789656956715E-11
          466       3.065065919701E-12        -2.799117132696E-11
          467       3.642478392716E-12        -2.808845946968E-11
          468       4.245323795586E-12        -2.819133665163E-11
          469       4.878727943281E-12        -2.830328431026E-11
          470       5.550488628339E-12        -2.842902540956E-11
          471       6.272709606710E-12        -2.857584556978E-11
          472       7.065028851129E-12        -2.875645216038E-11
          473       7.961434500968E-12        -2.899541530518E-11
          474       9.025758166344E-12        -2.934391725360E-11
          475       1.038987274793E-11        -2.991364276343E-11
          476       1.235745020406E-11        -3.095472354972E-11
          477       1.572592261027E-11        -3.303845613236E-11
          478       2.301934666554E-11        -3.752594497240E-11
          479       4.529486760769E-11        -4.814462737435E-11
          480       1.820144188639E-10        -8.114052508293E-11
          481       3.205463040811E-12        -6.080217177751E-12
          482      -4.859019815459E-12        -1.573142855377E-11
          483      -3.188979084437E-12        -2.226113813911E-11
          484      -2.129246279347E-12        -2.590289464407E-11
          485      -1.590257601829E-12        -2.780348097157E-11
          486      -1.220112295491E-12        -2.880138593931E-11
          487      -8.736140156284E-13        -2.935552029435E-11
          488      -5.053405334372E-13        -2.969262825903E-11
          489      -1.054396191954E-13        -2.992060487502E-11
          490       3.251640866096E-13        -3.009077142558E-11
          491       7.832078796098E-13        -3.022832413709E-11
          492       1.265675828064E-12        -3.034645466555E-11
          493       1.770458005630E-12        -3.045275966250E-11
          494       2.296448672604E-12        -3.055215863117E-11
          495       2.843533130306E-12        -3.064826521873E-11
          496       3.412606217776E-12        -3.074408432526E-11
          497       4.005671920174E-12        -3.084242848544E-11
          498       4.626052177126E-12        -3.094624673955E-11
          499       5.278734289933E-12        -3.105899462942E-11
          500       5.970890600066E-12        -3.118519598914E-11
          501       6.712597894798E-12        -3.133146974113E-11
          502       7.517757492480E-12        -3.150860340414E-11
          503       8.405208821387E-12        -3.173595943012E-11
          504       9.400371489907E-12        -3.205104936494E-11
          505       1.054014718444E-11        -3.253035482220E-11
          506       1.189581434133E-11        -3.333357039063E-11
          507       1.368257907543E-11        -3.479142523003E-11
          508       1.676945779030E-11        -3.754873109470E-11
          509       2.526434297518E-11        -4.265777160891E-11
          510       6.856957997246E-11        -5.170413852787E-11
          511      -1.274560526579E-11        -1.870163321630E-11
          512      -9.790683225110E-12        -2.401518823272E-11
          513      -5.849965201031E-12        -2.764747698039E-11
          514      -3.357181518505E-12        -2.982368265485E-11
          515      -1.995304969235E-12        -3.106481622248E-11
          516      -1.218930102188E-12        -3.178409016654E-11
          517      -6.905331439454E-13        -3.222580412232E-11
          518      -2.462408406159E-13        -3.251962257239E-11
          519       1.840901952986E-13        -3.273200405790E-11
          520       6.273380400736E-13        -3.289725632618E-11
          521       1.092237587800E-12        -3.303380238772E-11
          522       1.580652909128E-12        -3.315221708208E-11
          523       2.092325839787E-12        -3.325912348105E-11
          524       2.626788027206E-12        -3.335910057976E-11
          525       3.184119755997E-12        -3.345565528876E-11
          526       3.765286502150E-12        -3.355175777097E-11
          527       4.372365074881E-12        -3.365017426046E-11
          528       5.008795815721E-12        -3.375370537486E-11
          529       5.679721904259E-12        -3.386536919496E-11
          530       6.392423813316E-12        -3.398850529748E-11
          531       7.156758143847E-12        -3.412666234793E-11
          532       7.985250664146E-12        -3.428286517849E-11
          533       8.891826497526E-12        -3.445721718441E-11
          534       9.886562394326E-12        -3.464032189626E-11
          535       1.096035674440E-11        -3.479687916527E-11
          536       1.204703291670E-11        -3.482812351209E-11
          537       1.294448051918E-11        -3.449548085694E-11
          538       1.320330759968E-11        -3.330101949811E-11
          539       1.221352316403E-11        -3.045587774731E-11
          540       1.142892691519E-11        -2.583715271679E-11
          541      -2.869287371878E-11        -3.634902975960E-11
          542      -7.217048429618E-12        -3.808863527300E-11
          543      -3.415095041778E-12        -3.653466876373E-11
          544      -1.979274163874E-12        -3.553253759088E-11
          545      -1.207330036327E-12        -3.518344836783E-11
          546      -6.963674078851E-13        -3.517666807392E-11
          547      -2.818186617867E-13        -3.530346784778E-11
          548       1.130625314543E-13        -3.546526193619E-11
          549       5.214435921956E-13        -3.562371494335E-11
          550       9.553078970989E-13        -3.576741037671E-11
          551       1.417383459251E-12        -3.589546462753E-11
          552       1.907008139713E-12        -3.601049647929E-11
          553       2.422779848874E-12        -3.611591926651E-11
          554       2.963672555800E-12        -3.621504651095E-11
          555       3.529496954844E-12        -3.631090104879E-11
          556       4.121132645258E-12        -3.640627283221E-11
          557       4.740738649951E-12        -3.650384925382E-11
          558       5.392060175748E-12        -3.660634508333E-11
          559       6.080934379057E-12        -3.671657231758E-11
          560       6.816134514886E-12        -3.683732610333E-11
          561       7.610782587999E-12        -3.697076734373E-11
          562       8.484720907079E-12        -3.711649660434E-11
          563       9.468453330128E-12        -3.726637317632E-11
          564       1.060933729074E-11        -3.739158611456E-11
          565       1.197944520249E-11        -3.741220474767E-11
          566       1.367648792625E-11        -3.713000331860E-11
          567       1.577094573425E-11        -3.609504372454E-11
          568       1.798675626509E-11        -3.340099242763E-11
          569       1.823824627687E-11        -2.768518831104E-11
          570       5.521193291263E-12        -1.955067051967E-11
          571      -3.891221272197E-11        -4.578516989947E-11
          572       4.805502692072E-12        -4.562541422708E-11
          573       3.327160815870E-12        -4.153043578954E-11
          574       1.404261431876E-12        -3.937748671259E-11
          575       5.119610002508E-13        -3.850949511438E-11
          576       2.509808565512E-13        -3.826696507221E-11
          577       3.186603340978E-13        -3.828810829597E-11
          578       5.598609470265E-13        -3.840338837507E-11
          579       9.004743147041E-13        -3.854151134019E-11
          580       1.304825994176E-12        -3.867610622855E-11
          581       1.754940762089E-12        -3.879969487464E-11
          582       2.241232544699E-12        -3.891206887182E-11
          583       2.758432137008E-12        -3.901546597551E-11
          584       3.303815910028E-12        -3.911273266091E-11
          585       3.876454225921E-12        -3.920672662770E-11
          586       4.476950465556E-12        -3.930020973196E-11
          587       5.107476069949E-12        -3.939592948652E-11
          588       5.772073545642E-12        -3.949677937729E-11
          589       6.477325687527E-12        -3.960600881743E-11
          590       7.233666661894E-12        -3.972748819998E-11
          591       8.057961901729E-12        -3.986605234179E-11
          592       8.978751322913E-12        -4.002796254554E-11
          593       1.004725809907E-11        -4.022156443772E-11
          594       1.136104310816E-11        -4.045832678520E-11
          595       1.311540809504E-11        -4.075471772826E-11
          596       1.571513050552E-11        -4.113559824913E-11
          597       2.001449735480E-11        -4.163618591512E-11
          598       2.780413219809E-11        -4.226165217166E-11
          599       4.231703732666E-11        -4.258381451057E-11
          600       5.642308466879E-11        -3.918524149586E-11
          601      -1.045819452851E-11        -1.998262652738E-11
          602       8.699688086317E-12        -3.417074255358E-11
          603       5.813278416036E-12        -3.804884972209E-11
          604       2.984959684349E-12        -3.952585763407E-11
          605       1.507244236025E-12        -4.026767505825E-11
          606       9.177145354377E-13        -4.072154678302E-11
          607       8.142465194841E-13        -4.103620083413E-11
          608       9.693855231769E-13        -4.127182702406E-11
          609       1.267382933888E-12        -4.145749660772E-11
          610       1.651012349585E-12        -4.160952444326E-11
          611       2.091730542497E-12        -4.173819841228E-11
          612       2.574888104273E-12        -4.185058733971E-11
          613       3.092793881123E-12        -4.195188180409E-11
          614       3.641555051730E-12        -4.204612854852E-11
          615       4.219681085187E-12        -4.213669011739E-11
          616       4.827531786714E-12        -4.222657593720E-11
          617       5.467222746742E-12        -4.231872782103E-11
          618       6.142867564277E-12        -4.241633388366E-11
          619       6.861204556038E-12        -4.252328053438E-11
          620       7.632840989602E-12        -4.264496251700E-11
          621       8.474684539220E-12        -4.278994554061E-11
          622       9.414885779006E-12        -4.297363067798E-11
          623       1.050344116344E-11        -4.322659866579E-11
          624       1.183626564157E-11        -4.361381407237E-11
          625       1.361325225164E-11        -4.427874992462E-11
          626       1.628936157911E-11        -4.554430254291E-11
          627       2.101700155302E-11        -4.814635267400E-11
          628       3.124119811365E-11        -5.382047062694E-11
          629       6.112829728730E-11        -6.724568186519E-11
          630       2.343331705565E-10        -1.091056166187E-10
          631       9.383115265797E-12        -9.930670282336E-12
          632      -3.384090360042E-13        -2.525065972193E-11
          633       7.716939985471E-13        -3.453575054283E-11
          634       9.711721319187E-13        -3.943995296396E-11
          635       8.950940396614E-13        -4.189720395504E-11
          636       8.897312702244E-13        -4.313562812114E-11
          637       1.015154199594E-12        -4.379114644710E-11
          638       1.254068252999E-12        -4.416881975477E-11
          639       1.579667578060E-12        -4.441055431404E-11
          640       1.970776209786E-12        -4.458226903096E-11
          641       2.412898323050E-12        -4.471542534373E-11
          642       2.896597325181E-12        -4.482595571634E-11
          643       3.415972796274E-12        -4.492271773130E-11
          644       3.967662056717E-12        -4.501127117388E-11
          645       4.550282561598E-12        -4.509561129002E-11
          646       5.164188815376E-12        -4.517902459372E-11
          647       5.811466552277E-12        -4.526458758018E-11
          648       6.496138857572E-12        -4.535556427960E-11
          649       7.224600941373E-12        -4.545588239277E-11
          650       8.006335650873E-12        -4.557092143569E-11
          651       8.854997711766E-12        -4.570906932882E-11
          652       9.790019628578E-12        -4.588505996371E-11
          653       1.083913316855E-11        -4.612738488850E-11
          654       1.204329417151E-11        -4.649490945959E-11
          655       1.347028918878E-11        -4.711380371631E-11
          656       1.526326850292E-11        -4.825736826759E-11
          657       1.783278563204E-11        -5.050855435746E-11
          658       2.266501845970E-11        -5.504765365733E-11
          659       3.628683221547E-11        -6.398154392062E-11
          660       1.069085474791E-10        -8.202178378197E-11
          661      -1.019499869947E-11        -2.379506053459E-11
          662      -9.271132313956E-12        -3.339136459230E-11
          663      -4.426033661785E-12        -3.968357468314E-11
          664      -1.496811534148E-12        -4.333875915699E-11
          665      -5.433750979104E-14        -4.529422674205E-11
          666       6.661467367817E-13        -4.633006443984E-11
          667       1.109164672423E-12        -4.690166161282E-11
          668       1.477696627672E-12        -4.724176760040E-11
          669       1.852294257159E-12        -4.746355342670E-11
          670       2.260024926572E-12        -4.762172302326E-11
          671       2.706946714529E-12        -4.774347000187E-11
          672       3.191991423769E-12        -4.784316059458E-11
          673       3.712500879364E-12        -4.792911495568E-11
          674       4.266290300634E-12        -4.800673731678E-11
          675       4.852372438746E-12        -4.807999976958E-11
          676       5.471233301153E-12        -4.815219250797E-11
          677       6.125022518475E-12        -4.822635060186E-11
          678       6.817806130275E-12        -4.830554044862E-11
          679       7.555934448969E-12        -4.839308039427E-11
          680       8.348498085174E-12        -4.849269566439E-11
          681       9.207683413803E-12        -4.860850145961E-11
          682       1.014842770468E-11        -4.874447139758E-11
          683       1.118577258307E-11        -4.890248059922E-11
          684       1.232607671785E-11        -4.907669465127E-11
          685       1.354389740020E-11        -4.923921610560E-11
          686       1.473039680230E-11        -4.930632965338E-11
          687       1.560280307165E-11        -4.906594146075E-11
          688       1.564027839694E-11        -4.804244886442E-11
          689       1.452923211932E-11        -4.535772768846E-11
          690       1.763630561149E-11        -4.107965328488E-11
          691      -2.519330085569E-11        -5.020431685263E-11
          692      -6.900561542984E-12        -5.273684650166E-11
          693      -2.447831385235E-12        -5.149572747793E-11
          694      -4.761315325494E-13        -5.058615603967E-11
          695       5.101612860045E-13        -5.026081703199E-11
          696       1.051612624512E-12        -5.025193670353E-11
          697       1.423945710956E-12        -5.036315761757E-11
          698       1.760572220316E-12        -5.050113054711E-11
          699       2.117711074710E-12        -5.063035174257E-11
          700       2.514437115101E-12        -5.074104459331E-11
          701       2.954155306873E-12        -5.083331942897E-11
          702       3.434809159146E-12        -5.091044906006E-11
          703       3.953284374517E-12        -5.097632958045E-11
          704       4.507144930506E-12        -5.103467389156E-11
          705       5.095269746307E-12        -5.108886365017E-11
          706       5.718114757396E-12        -5.114202448252E-11
          707       6.377927908529E-12        -5.119715591857E-11
          708       7.079080587041E-12        -5.125723905379E-11
          709       7.828630509721E-12        -5.132523938307E-11
          710       8.637241441690E-12        -5.140381697604E-11
          711       9.520624178783E-12        -5.149426304422E-11
          712       1.050168732798E-11        -5.159346502566E-11
          713       1.161344785784E-11        -5.168603045124E-11
          714       1.290190688517E-11        -5.172499280142E-11
          715       1.442459463032E-11        -5.158695201158E-11
          716       1.622738792320E-11        -5.097460678747E-11
          717       1.823521752310E-11        -4.922936719659E-11
          718       1.983471117425E-11        -4.507341250056E-11
          719       1.849642602636E-11        -3.673777584658E-11
          720       4.558537800179E-12        -2.497101719815E-11
          721      -1.687429581495E-11        -7.329767983162E-11
          722       1.143749927961E-11        -6.754863509091E-11
          723       6.898837472187E-12        -6.004402225331E-11
          724       3.923590518633E-12        -5.622572156065E-11
          725       2.562165090348E-12        -5.458197624035E-11
          726       2.042086372539E-12        -5.397627613154E-11
          727       1.944175556590E-12        -5.381462268598E-11
          728       2.071906411697E-12        -5.382180557991E-11
          729       2.333472492972E-12        -5.388062854061E-11
          730       2.683849801235E-12        -5.394555746416E-11
          731       3.099311464592E-12        -5.400148449319E-11
          732       3.566480752708E-12        -5.404542689586E-11
          733       4.077562765327E-12        -5.407886366456E-11
          734       4.628201321958E-12        -5.410471541708E-11
          735       5.216504639382E-12        -5.412625760079E-11
          736       5.842658022072E-12        -5.414680582660E-11
          737       6.508913264696E-12        -5.416969801264E-11
          738       7.219929079370E-12        -5.419838574064E-11
          739       7.983583182285E-12        -5.423655506261E-11
          740       8.812588560861E-12        -5.428821262268E-11
          741       9.727664519591E-12        -5.435761022634E-11
          742       1.076390978368E-11        -5.444869265934E-11
          743       1.198396135201E-11        -5.456330855486E-11
          744       1.350559938370E-11        -5.469644427000E-11
          745       1.555953901391E-11        -5.482464040464E-11
          746       1.860698993593E-11        -5.487891140111E-11
          747       2.355859733401E-11        -5.467861547509E-11
          748       3.205361786756E-11        -5.373619752521E-11
          749       4.562333322911E-11        -5.051103231721E-11
          750       4.736440752813E-11        -4.034259504695E-11
          751       3.830063618331E-12        -4.439787788137E-11
          752       2.013728357642E-11        -5.533371702338E-11
          753       1.182304398116E-11        -5.657810776935E-11
          754       6.490529862405E-12        -5.672651003450E-11
          755       3.826218849886E-12        -5.682185937866E-11
          756       2.637501624351E-12        -5.694742824313E-11
          757       2.206220593469E-12        -5.707224657387E-11
          758       2.165447000235E-12        -5.717353331277E-11
          759       2.336776412999E-12        -5.724389587770E-11
          760       2.634233753490E-12        -5.728441677233E-11
          761       3.015715432763E-12        -5.729953163891E-11
          762       3.459969836639E-12        -5.729453474763E-11
          763       3.955994769262E-12        -5.727461730604E-11
          764       4.498206741261E-12        -5.724461422070E-11
          765       5.084265867874E-12        -5.720903422195E-11
          766       5.714165560589E-12        -5.717219342923E-11
          767       6.390004869602E-12        -5.713840020848E-11
          768       7.116254541482E-12        -5.711221384325E-11
          769       7.900571868539E-12        -5.709887533822E-11
          770       8.755485436503E-12        -5.710514826199E-11
          771       9.701752625175E-12        -5.714112484377E-11
          772       1.077526237415E-11        -5.722429696784E-11
          773       1.204189264500E-11        -5.738892230926E-11
          774       1.363098560781E-11        -5.770765865296E-11
          775       1.581433702581E-11        -5.834121866184E-11
          776       1.920397211929E-11        -5.965119315869E-11
          777       2.530017980851E-11        -6.245701098578E-11
          778       3.834196030885E-11        -6.865995425818E-11
          779       7.446966305798E-11        -8.320570033207E-11
          780       2.620795969542E-10        -1.265327293128E-10
          781       1.510420506953E-11        -1.772177940923E-11
          782       5.434325938552E-12        -3.873309130226E-11
          783       4.964652243405E-12        -5.026033256955E-11
          784       3.622580793725E-12        -5.598486338551E-11
          785       2.567457392149E-12        -5.870851677192E-11
          786       1.973879482951E-12        -5.998257781873E-11
          787       1.729196666478E-12        -6.056911938046E-11
          788       1.715859098749E-12        -6.082507773970E-11
          789       1.856501952958E-12        -6.091444739539E-11
          790       2.106077580646E-12        -6.091314045996E-11
          791       2.439382892404E-12        -6.085782882333E-11
          792       2.842484047647E-12        -6.076787352866E-11
          793       3.307784351009E-12        -6.065496704619E-11
          794       3.831381818969E-12        -6.052735009288E-11
          795       4.411726386692E-12        -6.039168763566E-11
          796       5.049015877160E-12        -6.025395819592E-11
          797       5.745053540632E-12        -6.011995356844E-11
          798       6.503459928839E-12        -5.999568128991E-11
          799       7.330242171969E-12        -5.988788737873E-11
          800       8.234816218591E-12        -5.980501540705E-11
          801       9.231696173874E-12        -5.975926287168E-11
          802       1.034330660695E-11        -5.977124172298E-11
          803       1.160505791665E-11        -5.988069707171E-11
          804       1.307610382414E-11        -6.017106251202E-11
          805       1.486731270564E-11        -6.082479652830E-11
          806       1.722786786005E-11        -6.224444935160E-11
          807       2.084760191121E-11        -6.530492854239E-11
          808       2.803851109228E-11        -7.183547814687E-11
          809       4.842228567200E-11        -8.538075871405E-11
          810       1.501480993165E-10        -1.137221035670E-10
          811      -8.869182127113E-12        -3.172497003668E-11
          812      -9.690032192538E-12        -4.607990406686E-11
          813      -4.264682481524E-12        -5.547103632397E-11
          814      -1.305768073215E-12        -6.076448169363E-11
          815      -1.392541242576E-13        -6.341162125937E-11
          816       2.165639746700E-13        -6.463747839394E-11
          817       2.924017715373E-13        -6.514989045145E-11
          818       3.209093577600E-13        -6.530527311730E-11
          819       3.933134798090E-13        -6.527452221526E-11
          820       5.416463179972E-13        -6.513963305063E-11
          821       7.751848889873E-13        -6.494170960241E-11
          822       1.095209005921E-12        -6.470324156211E-11
          823       1.500572717262E-12        -6.443805741409E-11
          824       1.989770594898E-12        -6.415567567345E-11
          825       2.561848921196E-12        -6.386328750872E-11
          826       3.216951570986E-12        -6.356688617577E-11
          827       3.956649706208E-12        -6.327214443515E-11
          828       4.784085062844E-12        -6.298514408162E-11
          829       5.704054475893E-12        -6.271288301439E-11
          830       6.723184957643E-12        -6.246353634442E-11
          831       7.850079107913E-12        -6.224654534586E-11
          832       9.094618321325E-12        -6.207253827578E-11
          833       1.046427025493E-11        -6.195270362329E-11
          834       1.195269875674E-11        -6.189641521884E-11
          835       1.351164365000E-11        -6.190426402555E-11
          836       1.499345311888E-11        -6.194982766655E-11
          837       1.606883143896E-11        -6.193263980152E-11
          838       1.625377471423E-11        -6.154979025303E-11
          839       1.578979588737E-11        -5.997974325319E-11
          840       2.414647068665E-11        -5.683511571374E-11
          841      -2.758263499574E-11        -6.984636062130E-11
          842      -1.103026332012E-11        -7.318279735531E-11
          843      -5.682517161111E-12        -7.311690288825E-11
          844      -3.433113117554E-12        -7.264960441532E-11
          845      -2.765802483082E-12        -7.229711885554E-11
          846      -2.817317175940E-12        -7.199203883044E-11
          847      -3.093213109094E-12        -7.167169205701E-11
          848      -3.363741122923E-12        -7.132917920928E-11
          849      -3.547396518492E-12        -7.097080692843E-11
          850      -3.618887693343E-12        -7.059241994576E-11
          851      -3.560368938887E-12        -7.018519607048E-11
          852      -3.354301883134E-12        -6.975143716778E-11
          853      -2.997428273782E-12        -6.930872177146E-11
          854      -2.508692787761E-12        -6.887656148403E-11
          855      -1.917050583007E-12        -6.845845850408E-11
          856      -1.237952777301E-12        -6.803730880740E-11
          857      -4.597484887799E-13        -6.758936893310E-11
          858       4.476238506184E-13        -6.710419075751E-11
          859       1.510311601122E-12        -6.659221176428E-11
          860       2.736124285762E-12        -6.607332746063E-11
          861       4.121884022713E-12        -6.555736138355E-11
          862       5.675266706647E-12        -6.503335897917E-11
          863       7.429002479578E-12        -6.447157730039E-11
          864       9.429601538023E-12        -6.381892789393E-11
          865       1.169770917328E-11        -6.295068581930E-11
          866       1.415573366455E-11        -6.153498035636E-11
          867       1.646560582098E-11        -5.877581254178E-11
          868       1.758153876153E-11        -5.309812365573E-11
          869       1.468076521038E-11        -4.238106105182E-11
          870      -3.176625685025E-14        -2.667973859879E-11
          871      -8.740622975497E-12        -1.207965471903E-10
          872       7.741935386291E-12        -1.085834304215E-10
          873      -1.438127028509E-13        -9.777766276185E-11
          874      -7.544523484407E-12        -9.266394121069E-11
          875      -1.369486156809E-11        -8.984156225498E-11
          876      -1.715438814936E-11        -8.692168649006E-11
          877      -1.720437957289E-11        -8.374068460024E-11
          878      -1.531599114890E-11        -8.165115401693E-11
          879      -1.411931361396E-11        -8.156962385942E-11
          880      -1.506124172985E-11        -8.281965468641E-11
          881      -1.730134717361E-11        -8.374703787222E-11
          882      -1.859421195686E-11        -8.312494780316E-11
          883      -1.738848704032E-11        -8.123469621162E-11
          884      -1.443925237191E-11        -7.966372296848E-11
          885      -1.209746548757E-11        -7.968052421605E-11
          886      -1.196224358220E-11        -8.096852902262E-11
          887      -1.345759394382E-11        -8.204483675663E-11
          888      -1.440915905605E-11        -8.161011187902E-11
          889      -1.299473983245E-11        -7.969516210880E-11
          890      -9.532123879478E-12        -7.770221487772E-11
          891      -6.173337822988E-12        -7.698195772066E-11
          892      -4.666033599038E-12        -7.742105134260E-11
          893      -4.653861311109E-12        -7.760850157488E-11
          894      -3.926698144990E-12        -7.608715977111E-11
          895      -1.562537636693E-13        -7.252224194920E-11
          896       7.278497610126E-12        -6.791518546702E-11
          897       1.729396241610E-11        -6.333962428277E-11
          898       2.900376552191E-11        -5.822541139413E-11
          899       4.138852250435E-11        -4.948353989442E-11
          900       3.392827992261E-11        -3.168094655243E-11
