            1         0.161290322581           3.225806451613E-02
            2         0.161290322581           6.451612903226E-02
            3         0.161290322581           9.677419354839E-02
            4         0.161290322581             0.129032258065
            5         0.161290322581             0.161290322581
            6         0.161290322581             0.193548387097
            7         0.161290322581             0.225806451613
            8         0.161290322581             0.258064516129
            9         0.161290322581             0.290322580645
           10         0.161290322581             0.322580645161
           11         0.161290322581             0.354838709677
           12         0.161290322581             0.387096774194
           13         0.161290322581             0.419354838710
           14         0.161290322581             0.451612903226
           15         0.161290322581             0.483870967742
           16         0.161290322581             0.516129032258
           17         0.161290322581             0.548387096774
           18         0.161290322581             0.580645161290
           19         0.161290322581             0.612903225806
           20         0.161290322581             0.645161290323
           21         0.161290322581             0.677419354839
           22         0.161290322581             0.709677419355
           23         0.161290322581             0.741935483871
           24         0.161290322581             0.774193548387
           25         0.161290322581             0.806451612903
           26         0.161290322581             0.838709677419
           27         0.161290322581             0.870967741935
           28         0.161290322581             0.903225806452
           29         0.161290322581             0.935483870968
           30         0.161290322581             0.967741935484
           31         0.322580645161           3.225806451613E-02
           32         0.322580645161           6.451612903226E-02
           33         0.322580645161           9.677419354839E-02
           34         0.322580645161             0.129032258065
           35         0.322580645161             0.161290322581
           36         0.322580645161             0.193548387097
           37         0.322580645161             0.225806451613
           38         0.322580645161             0.258064516129
           39         0.322580645161             0.290322580645
           40         0.322580645161             0.322580645161
           41         0.322580645161             0.354838709677
           42         0.322580645161             0.387096774194
           43         0.322580645161             0.419354838710
           44         0.322580645161             0.451612903226
           45         0.322580645161             0.483870967742
           46         0.322580645161             0.516129032258
           47         0.322580645161             0.548387096774
           48         0.322580645161             0.580645161290
           49         0.322580645161             0.612903225806
           50         0.322580645161             0.645161290323
           51         0.322580645161             0.677419354839
           52         0.322580645161             0.709677419355
           53         0.322580645161             0.741935483871
           54         0.322580645161             0.774193548387
           55         0.322580645161             0.806451612903
           56         0.322580645161             0.838709677419
           57         0.322580645161             0.870967741935
           58         0.322580645161             0.903225806452
           59         0.322580645161             0.935483870968
           60         0.322580645161             0.967741935484
           61         0.483870967742           3.225806451613E-02
           62         0.483870967742           6.451612903226E-02
           63         0.483870967742           9.677419354839E-02
           64         0.483870967742             0.129032258065
           65         0.483870967742             0.161290322581
           66         0.483870967742             0.193548387097
           67         0.483870967742             0.225806451613
           68         0.483870967742             0.258064516129
           69         0.483870967742             0.290322580645
           70         0.483870967742             0.322580645161
           71         0.483870967742             0.354838709677
           72         0.483870967742             0.387096774194
           73         0.483870967742             0.419354838710
           74         0.483870967742             0.451612903226
           75         0.483870967742             0.483870967742
           76         0.483870967742             0.516129032258
           77         0.483870967742             0.548387096774
           78         0.483870967742             0.580645161290
           79         0.483870967742             0.612903225806
           80         0.483870967742             0.645161290323
           81         0.483870967742             0.677419354839
           82         0.483870967742             0.709677419355
           83         0.483870967742             0.741935483871
           84         0.483870967742             0.774193548387
           85         0.483870967742             0.806451612903
           86         0.483870967742             0.838709677419
           87         0.483870967742             0.870967741935
           88         0.483870967742             0.903225806452
           89         0.483870967742             0.935483870968
           90         0.483870967742             0.967741935484
           91         0.645161290323           3.225806451613E-02
           92         0.645161290323           6.451612903226E-02
           93         0.645161290323           9.677419354839E-02
           94         0.645161290323             0.129032258065
           95         0.645161290323             0.161290322581
           96         0.645161290323             0.193548387097
           97         0.645161290323             0.225806451613
           98         0.645161290323             0.258064516129
           99         0.645161290323             0.290322580645
          100         0.645161290323             0.322580645161
          101         0.645161290323             0.354838709677
          102         0.645161290323             0.387096774194
          103         0.645161290323             0.419354838710
          104         0.645161290323             0.451612903226
          105         0.645161290323             0.483870967742
          106         0.645161290323             0.516129032258
          107         0.645161290323             0.548387096774
          108         0.645161290323             0.580645161290
          109         0.645161290323             0.612903225806
          110         0.645161290323             0.645161290323
          111         0.645161290323             0.677419354839
          112         0.645161290323             0.709677419355
          113         0.645161290323             0.741935483871
          114         0.645161290323             0.774193548387
          115         0.645161290323             0.806451612903
          116         0.645161290323             0.838709677419
          117         0.645161290323             0.870967741935
          118         0.645161290323             0.903225806452
          119         0.645161290323             0.935483870968
          120         0.645161290323             0.967741935484
          121         0.806451612903           3.225806451613E-02
          122         0.806451612903           6.451612903226E-02
          123         0.806451612903           9.677419354839E-02
          124         0.806451612903             0.129032258065
          125         0.806451612903             0.161290322581
          126         0.806451612903             0.193548387097
          127         0.806451612903             0.225806451613
          128         0.806451612903             0.258064516129
          129         0.806451612903             0.290322580645
          130         0.806451612903             0.322580645161
          131         0.806451612903             0.354838709677
          132         0.806451612903             0.387096774194
          133         0.806451612903             0.419354838710
          134         0.806451612903             0.451612903226
          135         0.806451612903             0.483870967742
          136         0.806451612903             0.516129032258
          137         0.806451612903             0.548387096774
          138         0.806451612903             0.580645161290
          139         0.806451612903             0.612903225806
          140         0.806451612903             0.645161290323
          141         0.806451612903             0.677419354839
          142         0.806451612903             0.709677419355
          143         0.806451612903             0.741935483871
          144         0.806451612903             0.774193548387
          145         0.806451612903             0.806451612903
          146         0.806451612903             0.838709677419
          147         0.806451612903             0.870967741935
          148         0.806451612903             0.903225806452
          149         0.806451612903             0.935483870968
          150         0.806451612903             0.967741935484
          151         0.967741935484           3.225806451613E-02
          152         0.967741935484           6.451612903226E-02
          153         0.967741935484           9.677419354839E-02
          154         0.967741935484             0.129032258065
          155         0.967741935484             0.161290322581
          156         0.967741935484             0.193548387097
          157         0.967741935484             0.225806451613
          158         0.967741935484             0.258064516129
          159         0.967741935484             0.290322580645
          160         0.967741935484             0.322580645161
          161         0.967741935484             0.354838709677
          162         0.967741935484             0.387096774194
          163         0.967741935484             0.419354838710
          164         0.967741935484             0.451612903226
          165         0.967741935484             0.483870967742
          166         0.967741935484             0.516129032258
          167         0.967741935484             0.548387096774
          168         0.967741935484             0.580645161290
          169         0.967741935484             0.612903225806
          170         0.967741935484             0.645161290323
          171         0.967741935484             0.677419354839
          172         0.967741935484             0.709677419355
          173         0.967741935484             0.741935483871
          174         0.967741935484             0.774193548387
          175         0.967741935484             0.806451612903
          176         0.967741935484             0.838709677419
          177         0.967741935484             0.870967741935
          178         0.967741935484             0.903225806452
          179         0.967741935484             0.935483870968
          180         0.967741935484             0.967741935484
          181          1.12903225806           3.225806451613E-02
          182          1.12903225806           6.451612903226E-02
          183          1.12903225806           9.677419354839E-02
          184          1.12903225806             0.129032258065
          185          1.12903225806             0.161290322581
          186          1.12903225806             0.193548387097
          187          1.12903225806             0.225806451613
          188          1.12903225806             0.258064516129
          189          1.12903225806             0.290322580645
          190          1.12903225806             0.322580645161
          191          1.12903225806             0.354838709677
          192          1.12903225806             0.387096774194
          193          1.12903225806             0.419354838710
          194          1.12903225806             0.451612903226
          195          1.12903225806             0.483870967742
          196          1.12903225806             0.516129032258
          197          1.12903225806             0.548387096774
          198          1.12903225806             0.580645161290
          199          1.12903225806             0.612903225806
          200          1.12903225806             0.645161290323
          201          1.12903225806             0.677419354839
          202          1.12903225806             0.709677419355
          203          1.12903225806             0.741935483871
          204          1.12903225806             0.774193548387
          205          1.12903225806             0.806451612903
          206          1.12903225806             0.838709677419
          207          1.12903225806             0.870967741935
          208          1.12903225806             0.903225806452
          209          1.12903225806             0.935483870968
          210          1.12903225806             0.967741935484
          211          1.29032258065           3.225806451613E-02
          212          1.29032258065           6.451612903226E-02
          213          1.29032258065           9.677419354839E-02
          214          1.29032258065             0.129032258065
          215          1.29032258065             0.161290322581
          216          1.29032258065             0.193548387097
          217          1.29032258065             0.225806451613
          218          1.29032258065             0.258064516129
          219          1.29032258065             0.290322580645
          220          1.29032258065             0.322580645161
          221          1.29032258065             0.354838709677
          222          1.29032258065             0.387096774194
          223          1.29032258065             0.419354838710
          224          1.29032258065             0.451612903226
          225          1.29032258065             0.483870967742
          226          1.29032258065             0.516129032258
          227          1.29032258065             0.548387096774
          228          1.29032258065             0.580645161290
          229          1.29032258065             0.612903225806
          230          1.29032258065             0.645161290323
          231          1.29032258065             0.677419354839
          232          1.29032258065             0.709677419355
          233          1.29032258065             0.741935483871
          234          1.29032258065             0.774193548387
          235          1.29032258065             0.806451612903
          236          1.29032258065             0.838709677419
          237          1.29032258065             0.870967741935
          238          1.29032258065             0.903225806452
          239          1.29032258065             0.935483870968
          240          1.29032258065             0.967741935484
          241          1.45161290323           3.225806451613E-02
          242          1.45161290323           6.451612903226E-02
          243          1.45161290323           9.677419354839E-02
          244          1.45161290323             0.129032258065
          245          1.45161290323             0.161290322581
          246          1.45161290323             0.193548387097
          247          1.45161290323             0.225806451613
          248          1.45161290323             0.258064516129
          249          1.45161290323             0.290322580645
          250          1.45161290323             0.322580645161
          251          1.45161290323             0.354838709677
          252          1.45161290323             0.387096774194
          253          1.45161290323             0.419354838710
          254          1.45161290323             0.451612903226
          255          1.45161290323             0.483870967742
          256          1.45161290323             0.516129032258
          257          1.45161290323             0.548387096774
          258          1.45161290323             0.580645161290
          259          1.45161290323             0.612903225806
          260          1.45161290323             0.645161290323
          261          1.45161290323             0.677419354839
          262          1.45161290323             0.709677419355
          263          1.45161290323             0.741935483871
          264          1.45161290323             0.774193548387
          265          1.45161290323             0.806451612903
          266          1.45161290323             0.838709677419
          267          1.45161290323             0.870967741935
          268          1.45161290323             0.903225806452
          269          1.45161290323             0.935483870968
          270          1.45161290323             0.967741935484
          271          1.61290322581           3.225806451613E-02
          272          1.61290322581           6.451612903226E-02
          273          1.61290322581           9.677419354839E-02
          274          1.61290322581             0.129032258065
          275          1.61290322581             0.161290322581
          276          1.61290322581             0.193548387097
          277          1.61290322581             0.225806451613
          278          1.61290322581             0.258064516129
          279          1.61290322581             0.290322580645
          280          1.61290322581             0.322580645161
          281          1.61290322581             0.354838709677
          282          1.61290322581             0.387096774194
          283          1.61290322581             0.419354838710
          284          1.61290322581             0.451612903226
          285          1.61290322581             0.483870967742
          286          1.61290322581             0.516129032258
          287          1.61290322581             0.548387096774
          288          1.61290322581             0.580645161290
          289          1.61290322581             0.612903225806
          290          1.61290322581             0.645161290323
          291          1.61290322581             0.677419354839
          292          1.61290322581             0.709677419355
          293          1.61290322581             0.741935483871
          294          1.61290322581             0.774193548387
          295          1.61290322581             0.806451612903
          296          1.61290322581             0.838709677419
          297          1.61290322581             0.870967741935
          298          1.61290322581             0.903225806452
          299          1.61290322581             0.935483870968
          300          1.61290322581             0.967741935484
          301          1.77419354839           3.225806451613E-02
          302          1.77419354839           6.451612903226E-02
          303          1.77419354839           9.677419354839E-02
          304          1.77419354839             0.129032258065
          305          1.77419354839             0.161290322581
          306          1.77419354839             0.193548387097
          307          1.77419354839             0.225806451613
          308          1.77419354839             0.258064516129
          309          1.77419354839             0.290322580645
          310          1.77419354839             0.322580645161
          311          1.77419354839             0.354838709677
          312          1.77419354839             0.387096774194
          313          1.77419354839             0.419354838710
          314          1.77419354839             0.451612903226
          315          1.77419354839             0.483870967742
          316          1.77419354839             0.516129032258
          317          1.77419354839             0.548387096774
          318          1.77419354839             0.580645161290
          319          1.77419354839             0.612903225806
          320          1.77419354839             0.645161290323
          321          1.77419354839             0.677419354839
          322          1.77419354839             0.709677419355
          323          1.77419354839             0.741935483871
          324          1.77419354839             0.774193548387
          325          1.77419354839             0.806451612903
          326          1.77419354839             0.838709677419
          327          1.77419354839             0.870967741935
          328          1.77419354839             0.903225806452
          329          1.77419354839             0.935483870968
          330          1.77419354839             0.967741935484
          331          1.93548387097           3.225806451613E-02
          332          1.93548387097           6.451612903226E-02
          333          1.93548387097           9.677419354839E-02
          334          1.93548387097             0.129032258065
          335          1.93548387097             0.161290322581
          336          1.93548387097             0.193548387097
          337          1.93548387097             0.225806451613
          338          1.93548387097             0.258064516129
          339          1.93548387097             0.290322580645
          340          1.93548387097             0.322580645161
          341          1.93548387097             0.354838709677
          342          1.93548387097             0.387096774194
          343          1.93548387097             0.419354838710
          344          1.93548387097             0.451612903226
          345          1.93548387097             0.483870967742
          346          1.93548387097             0.516129032258
          347          1.93548387097             0.548387096774
          348          1.93548387097             0.580645161290
          349          1.93548387097             0.612903225806
          350          1.93548387097             0.645161290323
          351          1.93548387097             0.677419354839
          352          1.93548387097             0.709677419355
          353          1.93548387097             0.741935483871
          354          1.93548387097             0.774193548387
          355          1.93548387097             0.806451612903
          356          1.93548387097             0.838709677419
          357          1.93548387097             0.870967741935
          358          1.93548387097             0.903225806452
          359          1.93548387097             0.935483870968
          360          1.93548387097             0.967741935484
          361          2.09677419355           3.225806451613E-02
          362          2.09677419355           6.451612903226E-02
          363          2.09677419355           9.677419354839E-02
          364          2.09677419355             0.129032258065
          365          2.09677419355             0.161290322581
          366          2.09677419355             0.193548387097
          367          2.09677419355             0.225806451613
          368          2.09677419355             0.258064516129
          369          2.09677419355             0.290322580645
          370          2.09677419355             0.322580645161
          371          2.09677419355             0.354838709677
          372          2.09677419355             0.387096774194
          373          2.09677419355             0.419354838710
          374          2.09677419355             0.451612903226
          375          2.09677419355             0.483870967742
          376          2.09677419355             0.516129032258
          377          2.09677419355             0.548387096774
          378          2.09677419355             0.580645161290
          379          2.09677419355             0.612903225806
          380          2.09677419355             0.645161290323
          381          2.09677419355             0.677419354839
          382          2.09677419355             0.709677419355
          383          2.09677419355             0.741935483871
          384          2.09677419355             0.774193548387
          385          2.09677419355             0.806451612903
          386          2.09677419355             0.838709677419
          387          2.09677419355             0.870967741935
          388          2.09677419355             0.903225806452
          389          2.09677419355             0.935483870968
          390          2.09677419355             0.967741935484
          391          2.25806451613           3.225806451613E-02
          392          2.25806451613           6.451612903226E-02
          393          2.25806451613           9.677419354839E-02
          394          2.25806451613             0.129032258065
          395          2.25806451613             0.161290322581
          396          2.25806451613             0.193548387097
          397          2.25806451613             0.225806451613
          398          2.25806451613             0.258064516129
          399          2.25806451613             0.290322580645
          400          2.25806451613             0.322580645161
          401          2.25806451613             0.354838709677
          402          2.25806451613             0.387096774194
          403          2.25806451613             0.419354838710
          404          2.25806451613             0.451612903226
          405          2.25806451613             0.483870967742
          406          2.25806451613             0.516129032258
          407          2.25806451613             0.548387096774
          408          2.25806451613             0.580645161290
          409          2.25806451613             0.612903225806
          410          2.25806451613             0.645161290323
          411          2.25806451613             0.677419354839
          412          2.25806451613             0.709677419355
          413          2.25806451613             0.741935483871
          414          2.25806451613             0.774193548387
          415          2.25806451613             0.806451612903
          416          2.25806451613             0.838709677419
          417          2.25806451613             0.870967741935
          418          2.25806451613             0.903225806452
          419          2.25806451613             0.935483870968
          420          2.25806451613             0.967741935484
          421          2.41935483871           3.225806451613E-02
          422          2.41935483871           6.451612903226E-02
          423          2.41935483871           9.677419354839E-02
          424          2.41935483871             0.129032258065
          425          2.41935483871             0.161290322581
          426          2.41935483871             0.193548387097
          427          2.41935483871             0.225806451613
          428          2.41935483871             0.258064516129
          429          2.41935483871             0.290322580645
          430          2.41935483871             0.322580645161
          431          2.41935483871             0.354838709677
          432          2.41935483871             0.387096774194
          433          2.41935483871             0.419354838710
          434          2.41935483871             0.451612903226
          435          2.41935483871             0.483870967742
          436          2.41935483871             0.516129032258
          437          2.41935483871             0.548387096774
          438          2.41935483871             0.580645161290
          439          2.41935483871             0.612903225806
          440          2.41935483871             0.645161290323
          441          2.41935483871             0.677419354839
          442          2.41935483871             0.709677419355
          443          2.41935483871             0.741935483871
          444          2.41935483871             0.774193548387
          445          2.41935483871             0.806451612903
          446          2.41935483871             0.838709677419
          447          2.41935483871             0.870967741935
          448          2.41935483871             0.903225806452
          449          2.41935483871             0.935483870968
          450          2.41935483871             0.967741935484
          451          2.58064516129           3.225806451613E-02
          452          2.58064516129           6.451612903226E-02
          453          2.58064516129           9.677419354839E-02
          454          2.58064516129             0.129032258065
          455          2.58064516129             0.161290322581
          456          2.58064516129             0.193548387097
          457          2.58064516129             0.225806451613
          458          2.58064516129             0.258064516129
          459          2.58064516129             0.290322580645
          460          2.58064516129             0.322580645161
          461          2.58064516129             0.354838709677
          462          2.58064516129             0.387096774194
          463          2.58064516129             0.419354838710
          464          2.58064516129             0.451612903226
          465          2.58064516129             0.483870967742
          466          2.58064516129             0.516129032258
          467          2.58064516129             0.548387096774
          468          2.58064516129             0.580645161290
          469          2.58064516129             0.612903225806
          470          2.58064516129             0.645161290323
          471          2.58064516129             0.677419354839
          472          2.58064516129             0.709677419355
          473          2.58064516129             0.741935483871
          474          2.58064516129             0.774193548387
          475          2.58064516129             0.806451612903
          476          2.58064516129             0.838709677419
          477          2.58064516129             0.870967741935
          478          2.58064516129             0.903225806452
          479          2.58064516129             0.935483870968
          480          2.58064516129             0.967741935484
          481          2.74193548387           3.225806451613E-02
          482          2.74193548387           6.451612903226E-02
          483          2.74193548387           9.677419354839E-02
          484          2.74193548387             0.129032258065
          485          2.74193548387             0.161290322581
          486          2.74193548387             0.193548387097
          487          2.74193548387             0.225806451613
          488          2.74193548387             0.258064516129
          489          2.74193548387             0.290322580645
          490          2.74193548387             0.322580645161
          491          2.74193548387             0.354838709677
          492          2.74193548387             0.387096774194
          493          2.74193548387             0.419354838710
          494          2.74193548387             0.451612903226
          495          2.74193548387             0.483870967742
          496          2.74193548387             0.516129032258
          497          2.74193548387             0.548387096774
          498          2.74193548387             0.580645161290
          499          2.74193548387             0.612903225806
          500          2.74193548387             0.645161290323
          501          2.74193548387             0.677419354839
          502          2.74193548387             0.709677419355
          503          2.74193548387             0.741935483871
          504          2.74193548387             0.774193548387
          505          2.74193548387             0.806451612903
          506          2.74193548387             0.838709677419
          507          2.74193548387             0.870967741935
          508          2.74193548387             0.903225806452
          509          2.74193548387             0.935483870968
          510          2.74193548387             0.967741935484
          511          2.90322580645           3.225806451613E-02
          512          2.90322580645           6.451612903226E-02
          513          2.90322580645           9.677419354839E-02
          514          2.90322580645             0.129032258065
          515          2.90322580645             0.161290322581
          516          2.90322580645             0.193548387097
          517          2.90322580645             0.225806451613
          518          2.90322580645             0.258064516129
          519          2.90322580645             0.290322580645
          520          2.90322580645             0.322580645161
          521          2.90322580645             0.354838709677
          522          2.90322580645             0.387096774194
          523          2.90322580645             0.419354838710
          524          2.90322580645             0.451612903226
          525          2.90322580645             0.483870967742
          526          2.90322580645             0.516129032258
          527          2.90322580645             0.548387096774
          528          2.90322580645             0.580645161290
          529          2.90322580645             0.612903225806
          530          2.90322580645             0.645161290323
          531          2.90322580645             0.677419354839
          532          2.90322580645             0.709677419355
          533          2.90322580645             0.741935483871
          534          2.90322580645             0.774193548387
          535          2.90322580645             0.806451612903
          536          2.90322580645             0.838709677419
          537          2.90322580645             0.870967741935
          538          2.90322580645             0.903225806452
          539          2.90322580645             0.935483870968
          540          2.90322580645             0.967741935484
          541          3.06451612903           3.225806451613E-02
          542          3.06451612903           6.451612903226E-02
          543          3.06451612903           9.677419354839E-02
          544          3.06451612903             0.129032258065
          545          3.06451612903             0.161290322581
          546          3.06451612903             0.193548387097
          547          3.06451612903             0.225806451613
          548          3.06451612903             0.258064516129
          549          3.06451612903             0.290322580645
          550          3.06451612903             0.322580645161
          551          3.06451612903             0.354838709677
          552          3.06451612903             0.387096774194
          553          3.06451612903             0.419354838710
          554          3.06451612903             0.451612903226
          555          3.06451612903             0.483870967742
          556          3.06451612903             0.516129032258
          557          3.06451612903             0.548387096774
          558          3.06451612903             0.580645161290
          559          3.06451612903             0.612903225806
          560          3.06451612903             0.645161290323
          561          3.06451612903             0.677419354839
          562          3.06451612903             0.709677419355
          563          3.06451612903             0.741935483871
          564          3.06451612903             0.774193548387
          565          3.06451612903             0.806451612903
          566          3.06451612903             0.838709677419
          567          3.06451612903             0.870967741935
          568          3.06451612903             0.903225806452
          569          3.06451612903             0.935483870968
          570          3.06451612903             0.967741935484
          571          3.22580645161           3.225806451613E-02
          572          3.22580645161           6.451612903226E-02
          573          3.22580645161           9.677419354839E-02
          574          3.22580645161             0.129032258065
          575          3.22580645161             0.161290322581
          576          3.22580645161             0.193548387097
          577          3.22580645161             0.225806451613
          578          3.22580645161             0.258064516129
          579          3.22580645161             0.290322580645
          580          3.22580645161             0.322580645161
          581          3.22580645161             0.354838709677
          582          3.22580645161             0.387096774194
          583          3.22580645161             0.419354838710
          584          3.22580645161             0.451612903226
          585          3.22580645161             0.483870967742
          586          3.22580645161             0.516129032258
          587          3.22580645161             0.548387096774
          588          3.22580645161             0.580645161290
          589          3.22580645161             0.612903225806
          590          3.22580645161             0.645161290323
          591          3.22580645161             0.677419354839
          592          3.22580645161             0.709677419355
          593          3.22580645161             0.741935483871
          594          3.22580645161             0.774193548387
          595          3.22580645161             0.806451612903
          596          3.22580645161             0.838709677419
          597          3.22580645161             0.870967741935
          598          3.22580645161             0.903225806452
          599          3.22580645161             0.935483870968
          600          3.22580645161             0.967741935484
          601          3.38709677419           3.225806451613E-02
          602          3.38709677419           6.451612903226E-02
          603          3.38709677419           9.677419354839E-02
          604          3.38709677419             0.129032258065
          605          3.38709677419             0.161290322581
          606          3.38709677419             0.193548387097
          607          3.38709677419             0.225806451613
          608          3.38709677419             0.258064516129
          609          3.38709677419             0.290322580645
          610          3.38709677419             0.322580645161
          611          3.38709677419             0.354838709677
          612          3.38709677419             0.387096774194
          613          3.38709677419             0.419354838710
          614          3.38709677419             0.451612903226
          615          3.38709677419             0.483870967742
          616          3.38709677419             0.516129032258
          617          3.38709677419             0.548387096774
          618          3.38709677419             0.580645161290
          619          3.38709677419             0.612903225806
          620          3.38709677419             0.645161290323
          621          3.38709677419             0.677419354839
          622          3.38709677419             0.709677419355
          623          3.38709677419             0.741935483871
          624          3.38709677419             0.774193548387
          625          3.38709677419             0.806451612903
          626          3.38709677419             0.838709677419
          627          3.38709677419             0.870967741935
          628          3.38709677419             0.903225806452
          629          3.38709677419             0.935483870968
          630          3.38709677419             0.967741935484
          631          3.54838709677           3.225806451613E-02
          632          3.54838709677           6.451612903226E-02
          633          3.54838709677           9.677419354839E-02
          634          3.54838709677             0.129032258065
          635          3.54838709677             0.161290322581
          636          3.54838709677             0.193548387097
          637          3.54838709677             0.225806451613
          638          3.54838709677             0.258064516129
          639          3.54838709677             0.290322580645
          640          3.54838709677             0.322580645161
          641          3.54838709677             0.354838709677
          642          3.54838709677             0.387096774194
          643          3.54838709677             0.419354838710
          644          3.54838709677             0.451612903226
          645          3.54838709677             0.483870967742
          646          3.54838709677             0.516129032258
          647          3.54838709677             0.548387096774
          648          3.54838709677             0.580645161290
          649          3.54838709677             0.612903225806
          650          3.54838709677             0.645161290323
          651          3.54838709677             0.677419354839
          652          3.54838709677             0.709677419355
          653          3.54838709677             0.741935483871
          654          3.54838709677             0.774193548387
          655          3.54838709677             0.806451612903
          656          3.54838709677             0.838709677419
          657          3.54838709677             0.870967741935
          658          3.54838709677             0.903225806452
          659          3.54838709677             0.935483870968
          660          3.54838709677             0.967741935484
          661          3.70967741935           3.225806451613E-02
          662          3.70967741935           6.451612903226E-02
          663          3.70967741935           9.677419354839E-02
          664          3.70967741935             0.129032258065
          665          3.70967741935             0.161290322581
          666          3.70967741935             0.193548387097
          667          3.70967741935             0.225806451613
          668          3.70967741935             0.258064516129
          669          3.70967741935             0.290322580645
          670          3.70967741935             0.322580645161
          671          3.70967741935             0.354838709677
          672          3.70967741935             0.387096774194
          673          3.70967741935             0.419354838710
          674          3.70967741935             0.451612903226
          675          3.70967741935             0.483870967742
          676          3.70967741935             0.516129032258
          677          3.70967741935             0.548387096774
          678          3.70967741935             0.580645161290
          679          3.70967741935             0.612903225806
          680          3.70967741935             0.645161290323
          681          3.70967741935             0.677419354839
          682          3.70967741935             0.709677419355
          683          3.70967741935             0.741935483871
          684          3.70967741935             0.774193548387
          685          3.70967741935             0.806451612903
          686          3.70967741935             0.838709677419
          687          3.70967741935             0.870967741935
          688          3.70967741935             0.903225806452
          689          3.70967741935             0.935483870968
          690          3.70967741935             0.967741935484
          691          3.87096774194           3.225806451613E-02
          692          3.87096774194           6.451612903226E-02
          693          3.87096774194           9.677419354839E-02
          694          3.87096774194             0.129032258065
          695          3.87096774194             0.161290322581
          696          3.87096774194             0.193548387097
          697          3.87096774194             0.225806451613
          698          3.87096774194             0.258064516129
          699          3.87096774194             0.290322580645
          700          3.87096774194             0.322580645161
          701          3.87096774194             0.354838709677
          702          3.87096774194             0.387096774194
          703          3.87096774194             0.419354838710
          704          3.87096774194             0.451612903226
          705          3.87096774194             0.483870967742
          706          3.87096774194             0.516129032258
          707          3.87096774194             0.548387096774
          708          3.87096774194             0.580645161290
          709          3.87096774194             0.612903225806
          710          3.87096774194             0.645161290323
          711          3.87096774194             0.677419354839
          712          3.87096774194             0.709677419355
          713          3.87096774194             0.741935483871
          714          3.87096774194             0.774193548387
          715          3.87096774194             0.806451612903
          716          3.87096774194             0.838709677419
          717          3.87096774194             0.870967741935
          718          3.87096774194             0.903225806452
          719          3.87096774194             0.935483870968
          720          3.87096774194             0.967741935484
          721          4.03225806452           3.225806451613E-02
          722          4.03225806452           6.451612903226E-02
          723          4.03225806452           9.677419354839E-02
          724          4.03225806452             0.129032258065
          725          4.03225806452             0.161290322581
          726          4.03225806452             0.193548387097
          727          4.03225806452             0.225806451613
          728          4.03225806452             0.258064516129
          729          4.03225806452             0.290322580645
          730          4.03225806452             0.322580645161
          731          4.03225806452             0.354838709677
          732          4.03225806452             0.387096774194
          733          4.03225806452             0.419354838710
          734          4.03225806452             0.451612903226
          735          4.03225806452             0.483870967742
          736          4.03225806452             0.516129032258
          737          4.03225806452             0.548387096774
          738          4.03225806452             0.580645161290
          739          4.03225806452             0.612903225806
          740          4.03225806452             0.645161290323
          741          4.03225806452             0.677419354839
          742          4.03225806452             0.709677419355
          743          4.03225806452             0.741935483871
          744          4.03225806452             0.774193548387
          745          4.03225806452             0.806451612903
          746          4.03225806452             0.838709677419
          747          4.03225806452             0.870967741935
          748          4.03225806452             0.903225806452
          749          4.03225806452             0.935483870968
          750          4.03225806452             0.967741935484
          751          4.19354838710           3.225806451613E-02
          752          4.19354838710           6.451612903226E-02
          753          4.19354838710           9.677419354839E-02
          754          4.19354838710             0.129032258065
          755          4.19354838710             0.161290322581
          756          4.19354838710             0.193548387097
          757          4.19354838710             0.225806451613
          758          4.19354838710             0.258064516129
          759          4.19354838710             0.290322580645
          760          4.19354838710             0.322580645161
          761          4.19354838710             0.354838709677
          762          4.19354838710             0.387096774194
          763          4.19354838710             0.419354838710
          764          4.19354838710             0.451612903226
          765          4.19354838710             0.483870967742
          766          4.19354838710             0.516129032258
          767          4.19354838710             0.548387096774
          768          4.19354838710             0.580645161290
          769          4.19354838710             0.612903225806
          770          4.19354838710             0.645161290323
          771          4.19354838710             0.677419354839
          772          4.19354838710             0.709677419355
          773          4.19354838710             0.741935483871
          774          4.19354838710             0.774193548387
          775          4.19354838710             0.806451612903
          776          4.19354838710             0.838709677419
          777          4.19354838710             0.870967741935
          778          4.19354838710             0.903225806452
          779          4.19354838710             0.935483870968
          780          4.19354838710             0.967741935484
          781          4.35483870968           3.225806451613E-02
          782          4.35483870968           6.451612903226E-02
          783          4.35483870968           9.677419354839E-02
          784          4.35483870968             0.129032258065
          785          4.35483870968             0.161290322581
          786          4.35483870968             0.193548387097
          787          4.35483870968             0.225806451613
          788          4.35483870968             0.258064516129
          789          4.35483870968             0.290322580645
          790          4.35483870968             0.322580645161
          791          4.35483870968             0.354838709677
          792          4.35483870968             0.387096774194
          793          4.35483870968             0.419354838710
          794          4.35483870968             0.451612903226
          795          4.35483870968             0.483870967742
          796          4.35483870968             0.516129032258
          797          4.35483870968             0.548387096774
          798          4.35483870968             0.580645161290
          799          4.35483870968             0.612903225806
          800          4.35483870968             0.645161290323
          801          4.35483870968             0.677419354839
          802          4.35483870968             0.709677419355
          803          4.35483870968             0.741935483871
          804          4.35483870968             0.774193548387
          805          4.35483870968             0.806451612903
          806          4.35483870968             0.838709677419
          807          4.35483870968             0.870967741935
          808          4.35483870968             0.903225806452
          809          4.35483870968             0.935483870968
          810          4.35483870968             0.967741935484
          811          4.51612903226           3.225806451613E-02
          812          4.51612903226           6.451612903226E-02
          813          4.51612903226           9.677419354839E-02
          814          4.51612903226             0.129032258065
          815          4.51612903226             0.161290322581
          816          4.51612903226             0.193548387097
          817          4.51612903226             0.225806451613
          818          4.51612903226             0.258064516129
          819          4.51612903226             0.290322580645
          820          4.51612903226             0.322580645161
          821          4.51612903226             0.354838709677
          822          4.51612903226             0.387096774194
          823          4.51612903226             0.419354838710
          824          4.51612903226             0.451612903226
          825          4.51612903226             0.483870967742
          826          4.51612903226             0.516129032258
          827          4.51612903226             0.548387096774
          828          4.51612903226             0.580645161290
          829          4.51612903226             0.612903225806
          830          4.51612903226             0.645161290323
          831          4.51612903226             0.677419354839
          832          4.51612903226             0.709677419355
          833          4.51612903226             0.741935483871
          834          4.51612903226             0.774193548387
          835          4.51612903226             0.806451612903
          836          4.51612903226             0.838709677419
          837          4.51612903226             0.870967741935
          838          4.51612903226             0.903225806452
          839          4.51612903226             0.935483870968
          840          4.51612903226             0.967741935484
          841          4.67741935484           3.225806451613E-02
          842          4.67741935484           6.451612903226E-02
          843          4.67741935484           9.677419354839E-02
          844          4.67741935484             0.129032258065
          845          4.67741935484             0.161290322581
          846          4.67741935484             0.193548387097
          847          4.67741935484             0.225806451613
          848          4.67741935484             0.258064516129
          849          4.67741935484             0.290322580645
          850          4.67741935484             0.322580645161
          851          4.67741935484             0.354838709677
          852          4.67741935484             0.387096774194
          853          4.67741935484             0.419354838710
          854          4.67741935484             0.451612903226
          855          4.67741935484             0.483870967742
          856          4.67741935484             0.516129032258
          857          4.67741935484             0.548387096774
          858          4.67741935484             0.580645161290
          859          4.67741935484             0.612903225806
          860          4.67741935484             0.645161290323
          861          4.67741935484             0.677419354839
          862          4.67741935484             0.709677419355
          863          4.67741935484             0.741935483871
          864          4.67741935484             0.774193548387
          865          4.67741935484             0.806451612903
          866          4.67741935484             0.838709677419
          867          4.67741935484             0.870967741935
          868          4.67741935484             0.903225806452
          869          4.67741935484             0.935483870968
          870          4.67741935484             0.967741935484
          871          4.83870967742           3.225806451613E-02
          872          4.83870967742           6.451612903226E-02
          873          4.83870967742           9.677419354839E-02
          874          4.83870967742             0.129032258065
          875          4.83870967742             0.161290322581
          876          4.83870967742             0.193548387097
          877          4.83870967742             0.225806451613
          878          4.83870967742             0.258064516129
          879          4.83870967742             0.290322580645
          880          4.83870967742             0.322580645161
          881          4.83870967742             0.354838709677
          882          4.83870967742             0.387096774194
          883          4.83870967742             0.419354838710
          884          4.83870967742             0.451612903226
          885          4.83870967742             0.483870967742
          886          4.83870967742             0.516129032258
          887          4.83870967742             0.548387096774
          888          4.83870967742             0.580645161290
          889          4.83870967742             0.612903225806
          890          4.83870967742             0.645161290323
          891          4.83870967742             0.677419354839
          892          4.83870967742             0.709677419355
          893          4.83870967742             0.741935483871
          894          4.83870967742             0.774193548387
          895          4.83870967742             0.806451612903
          896          4.83870967742             0.838709677419
          897          4.83870967742             0.870967741935
          898          4.83870967742             0.903225806452
          899          4.83870967742             0.935483870968
          900          4.83870967742             0.967741935484
