            1        0.00000000000                1.00000000000
            2         0.100000000000              1.00000000000
            3        0.00000000000               0.900000000000
            4         0.200000000000              1.00000000000
            5        0.00000000000               0.800000000000
            6         0.300000000000              1.00000000000
            7        0.00000000000               0.700000000000
            8         0.400000000000              1.00000000000
            9        0.00000000000               0.600000000000
           10         0.500000000000              1.00000000000
           11        0.00000000000               0.500000000000
           12         0.600000000000              1.00000000000
           13        0.00000000000               0.400000000000
           14        0.00000000000               0.300000000000
           15         0.700000000000              1.00000000000
           16         0.800000000000              1.00000000000
           17        0.00000000000               0.200000000000
           18        0.00000000000               0.100000000000
           19         0.900000000000              1.00000000000
           20        0.00000000000              0.00000000000
           21          1.00000000000              1.00000000000
           22         0.100000000000            0.00000000000
           23         0.200000000000            0.00000000000
           24         0.300000000000            0.00000000000
           25         0.400000000000            0.00000000000
           26          1.10000000000              1.00000000000
           27         0.500000000000            0.00000000000
           28         0.600000000000            0.00000000000
           29          1.20000000000              1.00000000000
           30         0.700000000000            0.00000000000
           31         0.800000000000            0.00000000000
           32          1.30000000000              1.00000000000
           33         0.900000000000            0.00000000000
           34          1.40000000000              1.00000000000
           35          1.00000000000            0.00000000000
           36          1.10000000000            0.00000000000
           37          1.50000000000              1.00000000000
           38          1.20000000000            0.00000000000
           39          1.60000000000              1.00000000000
           40          1.30000000000            0.00000000000
           41          1.70000000000              1.00000000000
           42          1.40000000000            0.00000000000
           43          1.80000000000              1.00000000000
           44          1.50000000000            0.00000000000
           45          1.60000000000            0.00000000000
           46          1.90000000000              1.00000000000
           47          1.70000000000            0.00000000000
           48          2.00000000000              1.00000000000
           49          1.80000000000            0.00000000000
           50          2.10000000000              1.00000000000
           51          1.90000000000            0.00000000000
           52          2.20000000000              1.00000000000
           53          2.00000000000            0.00000000000
           54          2.30000000000              1.00000000000
           55          2.10000000000            0.00000000000
           56          2.40000000000              1.00000000000
           57          2.20000000000            0.00000000000
           58          2.50000000000              1.00000000000
           59          2.30000000000            0.00000000000
           60          2.40000000000            0.00000000000
           61          2.60000000000              1.00000000000
           62          2.50000000000            0.00000000000
           63          2.70000000000              1.00000000000
           64          2.60000000000            0.00000000000
           65          2.80000000000              1.00000000000
           66          2.70000000000            0.00000000000
           67          2.90000000000              1.00000000000
           68          2.80000000000            0.00000000000
           69          3.00000000000              1.00000000000
           70          2.90000000000            0.00000000000
           71          3.10000000000              1.00000000000
           72          3.00000000000            0.00000000000
           73          3.20000000000              1.00000000000
           74          3.10000000000            0.00000000000
           75          3.30000000000              1.00000000000
           76          3.20000000000            0.00000000000
           77          3.40000000000              1.00000000000
           78          3.30000000000            0.00000000000
           79          3.50000000000              1.00000000000
           80          3.40000000000            0.00000000000
           81          3.60000000000              1.00000000000
           82          3.50000000000            0.00000000000
           83          3.70000000000              1.00000000000
           84          3.60000000000            0.00000000000
           85          3.80000000000              1.00000000000
           86          3.70000000000            0.00000000000
           87          3.90000000000              1.00000000000
           88          3.80000000000            0.00000000000
           89          4.00000000000              1.00000000000
           90          3.90000000000            0.00000000000
           91          4.10000000000              1.00000000000
           92          4.00000000000            0.00000000000
           93          4.20000000000              1.00000000000
           94          4.10000000000            0.00000000000
           95          4.30000000000              1.00000000000
           96          4.20000000000            0.00000000000
           97          4.40000000000              1.00000000000
           98          4.30000000000            0.00000000000
           99          4.50000000000              1.00000000000
          100          4.40000000000            0.00000000000
          101          4.60000000000              1.00000000000
          102          4.50000000000            0.00000000000
          103          4.70000000000              1.00000000000
          104          4.60000000000            0.00000000000
          105          4.80000000000              1.00000000000
          106          4.70000000000            0.00000000000
          107          4.90000000000              1.00000000000
          108          4.80000000000            0.00000000000
          109          5.00000000000              1.00000000000
          110          5.00000000000             0.900000000000
          111          4.90000000000            0.00000000000
          112          5.00000000000             0.800000000000
          113          5.00000000000             0.700000000000
          114          5.00000000000             0.600000000000
          115          5.00000000000             0.500000000000
          116          5.00000000000             0.400000000000
          117          5.00000000000             0.300000000000
          118          5.00000000000             0.200000000000
          119          5.00000000000             0.100000000000
          120          5.00000000000            0.00000000000
            1          23          22          20
            2          25          24          23
            3          28          27          25
            4          31          30          28
            5          35          33          31
            6          38          36          35
            7          42          40          38
            8          45          44          42
            9          49          47          45
           10          53          51          49
           11          57          55          53
           12          60          59          57
           13          64          62          60
           14          68          66          64
           15          72          70          68
           16          76          74          72
           17          80          78          76
           18          84          82          80
           19          88          86          84
           20          92          90          88
           21          96          94          92
           22         100          98          96
           23         104         102         100
           24         108         106         104
           25         120         111         108
           26         118         119         120
           27         116         117         118
           28         114         115         116
           29         112         113         114
           30         109         110         112
           31         105         107         109
           32         101         103         105
           33          97          99         101
           34          93          95          97
           35          89          91          93
           36          85          87          89
           37          81          83          85
           38          77          79          81
           39          73          75          77
           40          69          71          73
           41          65          67          69
           42          61          63          65
           43          56          58          61
           44          52          54          56
           45          48          50          52
           46          43          46          48
           47          39          41          43
           48          34          37          39
           49          29          32          34
           50          21          26          29
           51          16          19          21
           52          12          15          16
           53           8          10          12
           54           4           6           8
           55           1           2           4
           56           5           3           1
           57           9           7           5
           58          13          11           9
           59          17          14          13
           60          20          18          17
