    1               0               1               0
    2             0.1               1               0
    3               0             0.9               0
    4             0.2               1               0
    5               0             0.8               0
    6             0.3               1               0
    7               0             0.7               0
    8             0.4               1               0
    9               0             0.6               0
   10             0.5               1               0
   11               0             0.5               0
   12             0.6               1               0
   13               0             0.4               0
   14               0             0.3               0
   15             0.7               1               0
   16             0.8               1               0
   17               0             0.2               0
   18               0             0.1               0
   19             0.9               1               0
   20               0               0               0
   21               1               1               0
   22             0.1               0               0
   23             0.2               0               0
   24             0.3               0               0
   25             0.4               0               0
   26             1.1               1               0
   27             0.5               0               0
   28             0.6               0               0
   29             1.2               1               0
   30             0.7               0               0
   31             0.8               0               0
   32             1.3               1               0
   33             0.9               0               0
   34             1.4               1               0
   35               1               0               0
   36             1.1               0               0
   37             1.5               1               0
   38             1.2               0               0
   39             1.6               1               0
   40             1.3               0               0
   41             1.7               1               0
   42             1.4               0               0
   43             1.8               1               0
   44             1.5               0               0
   45             1.6               0               0
   46             1.9               1               0
   47             1.7               0               0
   48               2               1               0
   49             1.8               0               0
   50             2.1               1               0
   51             1.9               0               0
   52             2.2               1               0
   53               2               0               0
   54             2.3               1               0
   55             2.1               0               0
   56             2.4               1               0
   57             2.2               0               0
   58             2.5               1               0
   59             2.3               0               0
   60             2.4               0               0
   61             2.6               1               0
   62             2.5               0               0
   63             2.7               1               0
   64             2.6               0               0
   65             2.8               1               0
   66             2.7               0               0
   67             2.9               1               0
   68             2.8               0               0
   69               3               1               0
   70             2.9               0               0
   71             3.1               1               0
   72               3               0               0
   73             3.2               1               0
   74             3.1               0               0
   75             3.3               1               0
   76             3.2               0               0
   77             3.4               1               0
   78             3.3               0               0
   79             3.5               1               0
   80             3.4               0               0
   81             3.6               1               0
   82             3.5               0               0
   83             3.7               1               0
   84             3.6               0               0
   85             3.8               1               0
   86             3.7               0               0
   87             3.9               1               0
   88             3.8               0               0
   89               4               1               0
   90             3.9               0               0
   91             4.1               1               0
   92               4               0               0
   93             4.2               1               0
   94             4.1               0               0
   95             4.3               1               0
   96             4.2               0               0
   97             4.4               1               0
   98             4.3               0               0
   99             4.5               1               0
  100             4.4               0               0
  101             4.6               1               0
  102             4.5               0               0
  103             4.7               1               0
  104             4.6               0               0
  105             4.8               1               0
  106             4.7               0               0
  107             4.9               1               0
  108             4.8               0               0
  109               5               1               0
  110               5             0.9               0
  111             4.9               0               0
  112               5             0.8               0
  113               5             0.7               0
  114               5             0.6               0
  115               5             0.5               0
  116               5             0.4               0
  117               5             0.3               0
  118               5             0.2               0
  119               5             0.1               0
  120               5               0               0